0.6658259741391891,0.9321203843541304,0.9431768229439706,0.1950520675700157
0.3794645429114334,0.26398037618103853,0.8128961487210985,0.03911000044506502
0.3804405837445898,1.1199716407349727,1.6391466868482645,0.429440586266815
1.1949525391324756,0.2375707373041061,0.7498724541997444,0.3904916810211731
1.4875333089240759,1.7238627785448597,1.0192326475258606,0.19860470849825151
1.4038692457505162,0.5509324699734014,0.44800035220684503,0.023429621223230557
1.5234846382631393,0.26739622265419327,1.2106728533616298,0.39393156905355364
1.7786305082406737,1.4989837370159813,0.9128564730745818,0.2764393551840382
0.25334319745136835,0.8604510702579932,0.4052781897155855,0.17308738389144795
0.9064770656978867,1.1442799766979417,0.5760930868954313,0.04004409422003308
0.2670896046035146,0.5250333906638014,0.491751723045513,0.021126714398166657
0.665176957859986,0.9896339523482401,0.3450645031261027,0.35112912988800077
1.5688910884742195,1.4044181912413147,1.710682932847915,0.43547702251333253
0.28760539301969434,1.6218771917778585,1.6700944776451503,0.23040765533252922
1.6106136168689789,1.136198379152829,1.7667471895848814,0.49052834703140885
0.7276114504069087,1.4110437723927804,0.6423943704170041,0.16303516992118106
0.4085011201088147,1.7190743397019577,0.6356627385914604,0.2925068998818724
0.7277949087912435,1.1456011693854056,1.564283636629343,0.07664556034303543
1.6292812451403378,1.5809173227825153,0.8643864373126696,0.36450878034024053
0.33509831275984425,1.6909982032499333,1.1233518534848361,0.1502413387354234
0.3343930337596097,1.4055475297263642,1.460645889158639,0.0016186039768700256
0.8786455284646684,0.6879682402393397,1.2824192277882611,0.3410730686280353
0.6368120950149185,1.315007763680616,1.412122828807056,0.1321767252582678
0.6448406036227337,0.9018637095284043,0.2278126750146178,0.45059937869868594
0.6681219700458984,0.8536882835893194,0.4776232056750411,0.2299686734649679
0.9111716300884906,0.8932597481029518,1.1246328225027127,0.3310827800083957
1.2632589576314421,1.466363917190853,0.5231727985061194,0.3146925383194838
1.569096249292338,1.5089411896401583,1.7648708734171787,0.0990537453057378
1.4328546437903178,0.9404227324567825,0.29534236206860737,0.42684265005779753
0.7552377219712666,1.7687446265922788,1.619249135166262,0.4898228167267543
1.059997255842676,1.158441472374975,0.9796839191907154,0.24292431132534287
1.061054801298793,0.9308617459383048,0.272322771120055,0.21361569221954074
1.2182758356203691,1.2813451387100223,0.8186665837272595,0.1404238513495899
1.2091299776743165,0.5657310190867895,0.33664198696541303,0.37904351161137384
0.9112436988824217,1.5290443096676414,0.2982771175679369,0.4355639812326671
1.4117121879250758,1.5101412284888065,0.801147277353131,0.4437454125110065
1.5439549166373192,1.5227226581940356,0.49439973124177267,0.08382766414721315
1.111056514605693,0.7608259974816821,0.6166057533869016,0.03854722249269832
1.091798657409686,1.1529413795236467,1.7978746926123956,0.4334543531337049
0.6027661987952107,1.2981855629788233,1.174515245624311,0.06423732191474918
0.7263779504676352,0.812636436791027,1.0041923258538086,0.1637597253399703
1.6980720207581157,1.127175772559222,1.6616579542070034,0.46609424129612087
0.57079756944808,0.5267477929608326,1.1781083648269686,0.03783347061238912
0.3238200849617504,1.6581071326386896,0.3694960716208301,0.48690507718169673
0.503809881798726,1.1844772207314256,0.6224614933035104,0.030960319130364455
0.5308769465626546,0.24565551873088592,0.2069638568236049,0.18321689840128974
0.3225871622443408,0.9579960017130655,1.07394613523297,0.048542029325988056
1.102631921658651,1.625485270530411,1.2512621267992645,0.4347321249129337
0.49265147781264956,0.9951002816094221,0.6466806602050189,0.10099991939555181
0.6571362257941091,0.315008220619166,0.8317575973675048,0.1924561325695071
1.028894184329199,1.2579903711727483,0.20365106605393204,0.040407949064793613
0.31224680263625326,1.5189446197716145,1.3798806897251257,0.06619989913490054
0.5402855616944449,1.247165520715489,1.0352590206523862,0.3040112928436912
0.23203923930290168,1.452684918446685,1.652439972024691,0.21691958146050339
0.5708731245882368,0.9832085210999322,1.1953910736144462,0.46251043411337306
0.5410009873727808,0.25007192795392413,1.4579528595311768,0.2593998469220206
0.40295880747387947,0.3135172835320865,1.5258283329327667,0.13530196581295512
0.24704451398828228,0.6044965028241056,1.7534075601290924,0.30334307439588953
0.30943234320929947,0.312701638898609,0.8934200532451589,0.13586153949774082
1.2296598737350857,0.27662278449349614,0.267705297012675,0.15349169261662066
1.1407432852761044,0.8176603682322201,1.4573632907499983,0.37119363814826495
0.9954467921319592,1.628271975475786,1.233179566350374,0.00844046627090378
0.7055065301806852,0.8270586593181133,1.0179226280237608,0.41165395556898443
0.9150892835868716,1.6601713399429674,0.8934523111685051,0.4479231945083339
0.3650409772683687,1.202623601466319,1.5124939042905028,0.1369143851492487
1.4704174224637638,1.4532679690461736,1.1485743461818003,0.08081321022976312
1.4690395978679887,0.2735343918065053,1.3670091432929132,0.3058101877606125
1.1095256496099326,1.6246547896272554,1.3664802705838615,0.054450904436154246
1.3707844749434128,1.134572538859747,1.3505451241366013,0.16457221545773498
1.1974806307613082,0.44689901308999147,1.2603127915006855,0.13390447948317497
0.46069088030005856,1.353744289176915,0.2970720733484375,0.4572658625460972
0.39799006508052553,0.9948195134641973,1.790203202054309,0.301713756338992
1.777067881825753,1.7713886332392874,0.9824260419330801,0.47101812045424546
1.3885568330074916,0.6391800247016881,0.5757645827564062,0.12611742033990964
1.5419766157335286,0.7264491761274879,1.494937547006412,0.2995155829810026
0.36398748205029563,0.5710657903589572,1.5543120412733196,0.43401621671782503
0.7324286949693031,1.0531139855762184,0.26908067925772605,0.3201059810424321
0.2673891832890779,0.5552722852649867,0.21324072733145286,0.1829630851886862
0.3415080924895265,1.0634118930338416,0.2734125068245633,0.3143477970359957
1.6786273379835446,0.604491573896266,0.7943166677364875,0.08701638870025774
1.3881521581274265,1.663361535514946,1.556001768847835,0.4167857464439347
1.3986511859166193,0.2966080662311556,1.3322750138067965,0.046369105796220056
0.20053649999280226,0.7509400920555308,1.0054097400157165,0.2837769637431849
1.2918036187849309,1.0842567936747962,0.2659902433688778,0.36514901009591094
0.4788935322819467,0.800397493015715,1.709130711313592,0.354048207980328
0.7090761378617282,1.3768303015447358,1.3026496205620084,0.21440651036410124
1.4236970281482582,1.6090850364422147,1.1444303389893762,0.07176004507028666
0.695595540840918,0.8921853508753964,1.0714286960486241,0.4884590882398525
1.589085458184359,1.0996451683710504,1.7704763353558584,0.37624993025969883
0.8055687668398761,0.9014517953456543,0.40872064071687375,0.061150229013849144
0.7892743919811928,1.0331636429725326,1.3907145225889166,0.03757575144344516
0.47218839141192137,1.4422882385981601,1.5866028361945055,0.3705848713097386
0.8385614828294802,0.978010946324401,0.531747775884827,0.4267364677198358
0.9253824314525693,1.3510253671943675,0.5886532466350637,0.1433856580406766
0.7885627205694706,0.7649714282737864,1.584794566421802,0.04355581137770509
1.6757582338207553,0.878556508590434,0.8596530472198545,0.3159364190419728
0.3060137133072274,0.3276252680880512,0.5701329032921156,0.4148316313365352
1.7113681655956927,0.9591460335078617,1.2578545445351954,0.16291372886347694
0.2821980838997317,0.9563523049930265,1.3586068563828917,0.020146470371805336
1.002425060224123,0.9303032821546182,1.240960746724229,0.39417786030492885
0.5449253531714499,0.506610824764085,0.42285636148980554,0.016460729072681812
1.7536374806236432,0.9995423090777275,1.1792440812148637,0.407225278655759
1.1398885546271775,1.1922892317688343,0.8738638743369342,0.26230724078358314
0.7243438781779626,1.601365756320743,0.8020428561763836,0.06959999142827389
1.5642473632259248,1.2735674250989262,1.7703636785151362,0.020786719725914893
1.197279768696991,1.7806264663482387,0.6573539670739501,0.26677425262440535
1.1291278294455984,1.7576360395020434,0.5576334513827834,0.3818496415185698
0.7160369508084111,1.3007141451277051,0.551729145817107,0.49935086587346883
0.2785359556695938,0.6750438870629263,1.1775978778125293,0.4409075365184676
0.48238076854893347,1.6899428835346721,1.5155352874435726,0.07570134318116994
1.439479887076899,0.2633297275811404,0.9255886520446295,0.36107659528263963
0.6885124088981105,1.1263534526660564,0.5087821257330702,0.26170573760029403
1.6713429000770386,0.4517137260351992,0.5777398262761263,0.25483576979187633
0.8245967412748912,1.5214954733881896,1.0305306408832657,0.1202954477258934
0.6252451877011398,1.4267567180394696,1.3492580281599773,0.025714254431083605
0.21406209464201525,0.27534010934214215,1.1513538492658288,0.006088153848346767
0.8097084804823174,0.7250451819129269,0.876028582059748,0.049855109933810315
1.3236783245570583,0.8496335326816276,1.5587290007398227,0.004454429902204404
1.5334270517220092,0.8767170001201856,0.7197893310191416,0.04134875606626015
0.9945373230366223,0.9157779024751935,0.48021106854960177,0.49727580848032815
0.21475768340061427,0.7663796925788008,1.1370136137320632,0.39278748832394933
0.5014745096147477,1.6476266475102865,1.761317768471133,0.3369644606836256
1.2228274812496533,0.824195610318587,0.967814134985885,0.25833386848347517
1.4017556057489011,1.1196782472332032,0.9372912449861065,0.13822483092546428
1.3771099564641853,0.7155792184558976,0.4172452502054579,0.4513393145074242
1.0003281641310475,0.3927424063533809,0.8117153861203832,0.33205227458951303
0.9544554301136798,1.2810434667499724,1.324088353610567,0.10644240255110171
0.225012646627548,1.5522598132355585,0.4188464381529844,0.3521415009473794
1.1693707558067428,0.9412211918391693,1.004331680687926,0.018591835653316235
0.9847248998478733,0.38358355697696156,1.207422201772015,0.15841664168718578
1.627957515708197,0.5793295271498049,0.7762821031715695,0.023911155090815817
1.4427506332752706,0.492941662833628,0.7120956093307501,0.3988823554400305
1.1065820515941875,0.7847925094760283,0.21491093684834844,0.41526582511210164
1.1807060114979715,1.424702613019351,1.355810435682326,0.13744475295373165
0.7618282345239239,0.6320592344020315,1.6296148792448635,0.3447756737025323
1.3306833708775896,0.8162586125803075,1.5622738775470804,0.1857577291747402
0.518014496662399,1.4459745760802125,0.9531934194049674,0.2270539299902568
0.9434144888076801,0.2006674759998482,0.7483113132756267,0.28750326028936346
0.25382529865216513,1.5252116967157092,0.3846250131474205,0.2154947867744818
1.3494596120342683,0.7437582497363904,0.5246466420139022,0.47132749274508234
0.4431804479882314,0.45939843570272276,1.3516194456229287,0.03784125267809557
0.6554069185989182,0.22669978192881673,1.6001315615074414,0.30486566744209703
0.996908308274231,0.5683905533081587,0.28144803538610624,0.2685100379889309
1.0155036381686071,0.6957540724645948,0.9985594657238254,0.33067221905148764
0.6651045908264397,0.37620658201074975,1.0259257538143132,0.08111192055876287
1.4416020300454546,0.7752307737808752,1.037762724170901,0.2818398259725739
0.5281464425395992,0.7958230504693352,0.42266746189435456,0.30933213442621404
0.48328809325194544,1.7291153324481046,1.3384271216082746,0.3104770884658289
0.7952172035891412,0.6146331155534606,0.5341764042423862,0.37960705668856515
0.8825707829768176,0.5124167676596356,1.6944206341818284,0.4529541930360169
1.7107769675610285,1.4227380745863945,1.7609808370520104,0.47403243827376085
0.5909443481896813,0.9271521621859782,0.4414776819165226,0.4466698499878401
0.9788974235287563,0.6363219685977333,0.5684302108997773,0.21069763585277135
1.7999328079453942,0.6074799569502785,1.5897415001545696,0.2331089097816112
1.635705698767708,0.8302700583893815,1.1336069068423549,0.2859848151156524
1.2739344373819712,1.4590918795996712,0.7343672185360697,0.05123691194626845
0.6251794011505071,1.0573296772506033,1.3557087249142579,0.3596240736735652
0.5747955976451825,1.6563973145570419,0.4292981607970473,0.413837826700376
0.5467365284597658,1.3788046284528503,0.5232940090726748,0.20653910141012627
0.33479959930278774,0.5639125597518486,0.8684737600172934,0.2930764741706108
1.4094721962877184,0.5465396126437841,0.9302851537483681,0.12478802884564588
1.0440942850668697,0.9965064266153535,0.2534851049600904,0.0974885755977562
0.27920902196819025,0.43690734084133154,0.25931522755682557,0.35514736367081134
1.5094320858154908,1.373730392752035,0.8375215942945846,0.15067082038537366
0.6929318064865797,0.9244771047962643,1.022382551805976,0.20183626728412662
1.54436247073075,0.7273680063801805,0.9829642701141603,0.02280936058302807
1.053840309412617,1.7864328470231123,1.7888118148436871,0.3081064703337547
1.2423844585787058,1.6483348860752012,1.0555384883809804,0.027369237694071735
0.5620170818164227,0.9610536860554537,1.7884882073779675,0.25118932819537476
1.4337038356118257,1.1100100955160974,0.7710097677732081,0.24682841903869207
0.9380248694437618,0.5760888237222911,1.4356203545158686,0.16286069304882334
1.2527699557341445,0.887285787443785,0.5452314813428152,0.16827362603158275
1.0895781866732688,1.339387465931013,1.3597358969606785,0.3048172287168522
0.8165014339635988,1.6525393374526096,1.6638764277182763,0.2845829344149575
0.5758542261616244,1.1041931498065662,0.4899212552116779,0.2572427978049534
1.2999360698699367,1.5105076699371374,0.35455049885451384,0.3227341337993343
1.567125137908442,1.7378119528393459,0.9073943716302308,0.05873654012881602
1.4982546252691689,1.603587433897823,1.2054318987154355,0.21535362187517537
0.8487632285179085,1.6845807459837372,1.5603801714812053,0.0502496963398944
0.746436517643747,0.47395613786745244,0.4397230423009887,0.3964290401890557
0.994781141324073,1.0430253532213045,1.6178469232662431,0.4300181468602417
0.6537779501149343,1.2469634944825958,0.4343783294866155,0.13350558108344074
1.7228118271684059,1.5464387738750347,1.0973584399083096,0.22910083306711782
1.369295811229085,0.34459508906122926,1.429062933975043,0.37877532519091733
0.6821248295552744,0.9945224904966322,0.2809155962445299,0.295250416308363
1.6527929430796573,0.701148142836681,1.0424601814889711,0.07079171961247199
0.46857138253086833,0.31516909549081507,1.339212679611943,0.2134796903091194
1.2457741902907729,1.692882507529029,1.7524222709255282,0.2202653560972026
0.43794221481551443,0.5727195242673835,1.774850688003462,0.46923542868994694
0.7200033127367957,1.1212614822702984,0.7517819338057652,0.009555271262767673
0.8099748785084898,1.0735286854694435,1.3084433489693328,0.07991257450343492
0.6234658832447264,0.45833956937833714,0.9781608724429054,0.034512986465212725
0.6107314359766254,1.1083565806190872,0.7594395356597801,0.1105741971213402
0.33433775684092837,0.8587185138518745,1.4676150652007132,0.2965177648151261
1.7665515741295748,0.3598738611962504,0.5105577201003022,0.03234226103587379
0.9955670202835686,0.24515949326265374,0.2458529378115976,0.0553507548650678
1.20668374479079,0.6659972453254486,0.5899955502319592,0.27890265648178886
1.793964935349244,1.7700352015371337,1.5166175259176533,0.4043268559242315
0.3388109453616769,0.7935797457729924,0.21281202292093063,0.37045345761576426
1.5597464479447678,0.3648846038142835,0.8091342860522557,0.06448901399304569
1.071006259484459,0.6557964991201655,1.467328850839683,0.2540206909177885
1.5974864970735407,1.7432794529030684,0.8883890211586756,0.32139463865461937
1.395787650546392,1.660691388709788,1.585080656403579,0.09546859153113185
1.7633723443708214,0.3690029654112635,0.9995102839146892,0.1642448672446114
1.3838278085908267,1.5118895931475218,1.0371419903890524,0.42715052425677086
0.39310299834244034,0.7597996921041957,1.4818525926580266,0.1542432466373213
1.6220125679899853,0.5454400430186359,1.414437070611706,0.22163133135852042
0.2468897666053564,1.6535804608923446,0.34723257272053054,0.22639727441200758
0.5965411565563694,1.7738738412369803,0.588598779180827,0.35182473136488995
1.2346101738487407,0.869648613471641,1.3715632364717532,0.26978582269438905
0.855944284653431,1.5002093023012923,1.2857640294329689,0.017087700005460782
0.3169712806289938,1.1858213279233274,1.731526356295521,0.17977077910527034
0.7763415773041481,1.5587067189188133,1.5957488422700024,0.4836892338411047
0.7923486192038435,1.666221824277797,0.7566392056372722,0.4394630760882337
0.791625524589271,0.23941227700716322,1.5717339073603644,0.1716358262043018
1.3781219261226514,1.1185211237634514,0.22289836194365437,0.025688371873573923
1.2633418289526417,1.098851328733175,1.6203026519247936,0.0018339227306198302
0.3920317393909803,0.7227530465190769,1.4672748732367973,0.0003495901148329872
0.3021650499978369,1.4077656557259821,1.7809374673453826,0.00592750528909225
0.5658589621801235,0.2586641838954388,0.7390627332434568,0.03835661424035436
1.2251436052390918,0.5818614544723837,0.254895826725103,0.25664043135920667
1.5307767338240506,0.5940507111371542,1.2639073127378484,0.3553501711565058
1.6990280017788417,1.7747067115182396,1.6310429279077079,0.433975884871636
0.7594680192168173,1.5481734072322524,0.8634087968758232,0.07244661927142038
1.7168239649288117,0.9640606043535401,0.9550639417919374,0.11332366365462493
1.5251171567447048,1.5304780386459365,1.4395920098680317,0.4531910999856329
0.26307905700871,0.49446425225002844,1.1991720647222972,0.16960009634696926
0.21808174393154506,1.4896172462135149,1.492855139141254,0.20685122873790557
1.7184226602702732,1.5756550014609079,0.9664156506696717,0.38329003111175447
1.6479655846455,0.9094473032554975,0.7983927350390025,0.29031834443341004
0.32170927667851423,0.4841240394780532,1.2784996689099324,0.2805339317873914
1.0366679118890254,1.1077208768084188,1.0594387065069122,0.0842178632382633
0.6259629081791619,0.9493432852003307,0.2770798197176866,0.17908325747434195
1.2893180382912814,0.8632033918963968,1.4507638169387085,0.37772005703051453
0.25649435067085496,1.4987136724544228,0.9631228879459373,0.18682628104360294
1.2412138035457898,0.4773933189490788,1.643596197939153,0.4212787050973492
0.4106194361131118,0.30674943522477255,1.7654320555783884,0.04590660809446834
0.4289713512647326,0.49970362238242455,0.9489327036052515,0.17548235833724757
1.7848866886538197,1.2306024145891525,0.7901490747518108,0.43492360076246694
0.3544561076597846,0.9857807768925323,1.7727510524046957,0.13449251717133692
1.7128966993385306,1.760974438658439,0.5216497369809059,0.38781932109362377
1.6460930128138496,0.3426503693469586,0.35581285144965924,0.27562909698414917
0.9992462043973532,1.4927560734059238,0.3545954789158695,0.2522658425743974
1.3776812688644742,1.391078139706027,1.0827035202151534,0.38859811253185655
0.5694358715576997,1.2733240817776683,0.88112727938024,0.1665139078681015
0.8912925072359759,0.27770077026094503,0.2782422610599272,0.3255677903970087
1.0731097014246764,0.5585763401457247,1.7840169225378104,0.13046237975118835
0.41247829050053375,0.6286848688208166,0.5229948621216338,0.048451985000981745
0.9387846136616226,1.6000995538808855,0.7839902851421516,0.3169676923158468
0.7172133150812604,0.42447320745535055,1.6544979694262474,0.30327981584134595
1.6555168878454871,0.3071654359068926,0.9681986424421167,0.44020024540675917
1.038230165066496,1.359798577861906,1.3115982638036436,0.30111189065089977
0.8790601074902122,0.43141074312531535,1.019897076706771,0.03117207758856627
1.191087720654216,1.4064985998466752,0.5524759641525858,0.48337905973294193
0.32338262086380437,1.2899747058337354,1.7038884999854271,0.46103875810525885
1.008263524346462,1.6014971212670954,0.39237853286003455,0.27165758309177196
1.5988385147052109,0.6880052395433415,0.5662973458808176,0.21493438252565983
0.8109470831300978,0.576655678623417,1.5917974173878857,0.3075825809434878
1.6440173403160454,1.711318349597352,0.9362582425278637,0.0732787127318984
1.4729377975352858,1.7162744889341968,0.47194737092895483,0.4856017655245543
1.7749198189811872,0.9470329164007903,0.6619588112303658,0.1870235705780079
1.4270322678713343,1.0636501591765208,1.1408212862858538,0.2844170461791866
0.3468228523832684,1.6230896518594387,0.4951055370619734,0.13478833043322114
0.9580848790909522,0.5875322780148972,0.4277065420023939,0.1924643456890377
1.6011257755073587,1.203314465998593,1.329492405958995,0.3360319540349645
0.4059994114315081,1.3820589498655604,0.9727043108437092,0.10434341785115808
1.2666823331900101,1.336333667252784,0.5691986251992189,0.3638998865052766
1.7982371287969483,1.2542061436699117,0.4772580039778935,0.17884432151341717
0.4233220376057774,1.4742764734051854,0.6605008996313477,0.39971227713710183
1.7022449922954377,1.6748995584802857,1.726229537388034,0.3305830643477411
1.5927624094034838,0.7819365204152584,0.6126219798865504,0.4248199057745428
1.4266138414986258,0.3717534840861031,1.5958724913689695,0.4629134034043472
0.8051568925879715,1.6192217587683646,1.5169575907719286,0.27453692994950624
1.68857481576901,1.678423244861382,1.3178213561166996,0.3547378249374002
0.2746029592946511,1.4452618624455427,1.3741481602825338,0.40685658020122384
0.9117903809785812,1.5554991059314607,0.5475781414868821,0.07368897755800935
1.2579511339371778,1.6205073649893833,1.0560999061803302,0.008913964606030944
1.178419726072648,1.2694779490398087,0.8549324071438409,0.14682387983044853
1.2008957400803548,1.3658588805499976,0.45796022021827854,0.28476368970721394
0.9607201459895147,1.4440566138350595,0.3479791167472093,0.16067177014009032
1.449078117325391,1.1018095066128526,0.6796352617501009,0.06803052386661257
1.4190175874973456,0.822128175947485,1.3562093251706429,0.10516520913704469
0.37200761148606687,1.4276871658114811,1.7558966290351719,0.007130322209442208
0.3685212469716731,1.4029099419843467,1.0515527328691816,0.12224501040605146
1.79956639850426,0.8701031128504049,0.4978050287041643,0.122749147510052
1.1692852812742558,0.8009450965006526,0.6428356899723957,0.3677099614791313
0.2434488129261657,0.718807068783927,1.0949292238471613,0.1440594976349362
0.719501752273857,0.7550631251793243,1.4379494312422683,0.23209902781663921
1.18706634870895,1.4650073353566804,0.6031673311444399,0.23672342112244155
1.6486832526712079,1.5871092493750456,1.3360202710859403,0.1363796352619363
0.60404352298931,1.6358056052125727,0.8340267343882959,0.423720106280147
0.6312696928218124,0.70949455375988,1.1380720896759706,0.46229497169029715
1.1069076377164706,1.3401434818321167,1.470955604338828,0.11201285560735302
0.39320999242520266,1.0197177524684409,1.5990857721007774,0.21088040791109836
1.580079139899638,0.5232301131995578,0.40388868435422365,0.42189217236558035
1.5749628103428852,1.4158456493869214,0.9566557015537356,0.04862570021332829
1.4737944619676362,1.6575592749813368,1.1339955979441139,0.26432705740363016
1.6822359991542317,1.261608242291461,1.3195131311663673,0.3671088361839132
0.9575183849376734,0.6386736601284081,0.644907275388432,0.4764909828349068
1.0896365606195126,0.39388688414585393,1.520790543655999,0.21923649210127855
0.2521659419669955,1.7864842208394054,1.653027049052945,0.15517894628463946
0.3273609698797353,1.3220675924591359,1.4863878693858907,0.2419505308190124
0.5884090330881191,0.3715172309680429,1.2349769849896561,0.04485064412362805
1.4721017752638186,0.7971220614075166,1.1487972280190488,0.058696868206847774
0.5531607859466383,0.2503697745888015,1.4734618975692737,0.46777131931557236
1.5491084921091067,1.1502689998230953,0.21465581103481238,0.029106147330378973
1.4606628759679348,0.9675598118197251,1.478899903732987,0.4941288742446961
0.9844150748872874,1.5670075689197824,1.3993787375582758,0.38552552990827466
1.5707761707844612,1.2918329355024603,1.4958229898064614,0.2503658644748335
0.8493614618371165,0.27260493024794646,1.2954569670100415,0.07167391104102566
0.6699034913071327,1.5238578041067075,1.4457106114886502,0.49455769700669394
1.4192460090774455,0.7286396413082089,0.7679758496044232,0.034075183705698564
1.6821129132125405,0.98279873143024,0.25469771910125816,0.19571417661795443
0.8249077484499086,1.773778419051439,1.5366325300891481,0.42824957852082707
0.3669908076753051,0.8238678655868433,0.9052687061209209,0.1355629437839717
1.5503208448984203,0.8450263441878019,1.1282642288542493,0.2907579948618
0.22359322655426345,1.7354678588403416,1.2430061575187235,0.31841033608159436
1.4006210687322131,0.33814004756823035,0.6544011803730481,0.20884197697534368
0.35446811319873905,1.195877886104849,0.9785913462309234,0.2528814595186246
0.6431719910465645,0.9704388810294317,1.3095635456022756,0.1870721643164615
1.4842165464445685,1.5025351558259639,1.3542321477824566,0.3972112642524977
1.35063215391598,1.2196179131748313,1.3177327450885394,0.4256256693377025
1.7386285383691025,0.40345053235073547,0.8383434979214028,0.0368953984317294
0.9182609152498277,1.410314183004254,0.7041008256643524,0.4009669713981389
1.007256643289359,1.4634177419194836,0.45196661712029973,0.38592548605923666
0.3482108946478686,0.9501699217603093,1.2614340321344968,0.20897508776831414
1.7070094258084414,1.7752933726373565,0.6145043311982896,0.028657624487600397
1.289987882304322,1.1901481170403096,0.3588917291131324,0.48920862458740333
0.20282203023872802,1.5285291936307075,1.0894280507005756,0.2846792042721141
1.6407602883543733,1.0740798003591778,1.021899128047811,0.22150316979016332
0.9390537703382036,1.162979500862793,1.545488578493966,0.4963210381121125
1.2720065247746688,0.5683892320351995,1.7597425477760467,0.42200516909194186
0.586624281799959,1.3530769932623177,1.3516202335559282,0.3711419531129949
1.6945463325204304,1.1617764735475167,1.2346870453416667,0.13970287033845202
0.8341725399972972,0.5488711805308508,1.7634976325334877,0.49818199484619374
0.3778928208340808,0.3416224644217969,1.1016520457299424,0.195518583203743
0.6096798983393024,0.5046262569364577,1.4385714672575205,0.18656854994844507
0.2450159809505919,1.7412345716846676,1.228765076525799,0.27494170509435956
1.1918636410251078,1.1048032819854288,1.7925876481858924,0.47730155071752517
1.043772371710304,1.625001304882433,1.3401088674091453,0.430823426541018
1.690338400484946,0.3811330702764383,0.38635761543192826,0.02020305171014658
0.6715058079385295,1.2027691970199408,0.5224578361345344,0.3202310289293956
1.1008940663664812,1.65274542712112,1.4172351946873436,0.30050965845044897
1.1412153061776518,1.340560082857624,1.097594275904648,0.23303056904547964
1.3070481456184198,0.7685883867735602,0.9521685946270674,0.2531711779887351
0.7395799727474667,1.583250562547964,1.1429843429739766,0.3165964372642751
0.8325778331451325,1.4961306416119862,1.0140791072862725,0.44438119900637485
1.4189913834201888,1.1717713991304053,0.6104675331092932,0.49307494156009957
1.2731506670680317,0.6758229080335716,1.5116258346783296,0.18964083713614743
1.364966750784043,1.1343842695948376,0.2944323672377217,0.03370341973688662
0.6266447249397868,1.3510454134996026,0.5725160792342676,0.30405445530050756
1.3690089890371595,0.7743485395970794,1.4373448961590938,0.18458527894074495
1.1536205780846218,1.5698152888376744,0.7884515385605867,0.05164034548588825
1.7426588501742166,0.2452912036100796,1.6332784356819419,0.0481388003888677
1.4882668663677217,0.881629252787058,0.9972496142158029,0.3514232744246605
1.1097915413759074,1.681628676800612,1.126949316146764,0.3058720115209093
0.560469592301102,0.6332227935053105,0.4672842956146997,0.09701320767962074
0.3200538683370117,0.29146144467065704,1.0333318994753848,0.2936004627848173
1.6273205148783558,1.619061590919991,0.3025923266912805,0.48348734624222556
0.5794500222340572,0.6236496766512571,0.33651940590758644,0.0987095149329536
0.9389096128437113,0.8252407844724301,1.620884935477303,0.06784407575012857
1.014540727821825,0.9398055084342729,1.357708827744166,0.028304601521990602
1.4937143800628734,0.7316427434232802,1.0237550329101093,0.36244298462792557
0.9741297575522878,1.0353765608154228,1.3241266423326274,0.41630753491077416
0.9441452330973459,1.7042241245716458,0.7233570418525532,0.36380981175237115
0.6264821687597765,1.0906896927382448,0.9369348166586786,0.1923580813965658
1.1842503965435949,1.0172129487466008,0.9742216520491341,0.4518075192714869
1.104612423619502,1.4827027773192374,0.7284708841732662,0.13956888774923126
0.4806856432838373,0.6015557609494815,0.5568859525917274,0.2538695179170545
0.9753783050697272,0.8348602202126422,1.2095536139261303,0.431731648242071
1.654814524613937,0.45159998007255164,0.8776987930437959,0.35939938940758986
0.789992592117974,0.2658995726643333,1.0009130301658136,0.4059748098128448
1.041028894554175,0.6272981906321988,1.7044965914524026,0.16357637548385617
1.3715450293758267,0.49737675348178223,0.4513532626470317,0.011212498593719422
0.7194695924328744,0.3099442218142353,0.2860222876553734,0.465369011005355
1.0506186916342224,1.1764013486768,0.4488424481618583,0.33089895206963393
1.3989448402040379,0.6281350487702445,1.0379301362252562,0.03401007349224294
0.32260528475767614,1.5888411375783065,1.1564970972047088,0.20208749586369323
0.28291884244429977,1.781981014412971,1.0992745174140905,0.08245436794750632
0.6826992737095894,1.1704335869704892,0.9160665974083002,0.02910202038254278
1.3979636745950343,0.5558275927993865,1.2988512040106477,0.10524520086163697
0.9852572811832794,1.7699280758027442,1.7142079860419963,0.0458477326188213
1.7527775200383122,0.5492298030895751,1.2117816605501237,0.2998690890889413
1.4319199066870554,0.20589646024298439,0.959855564695772,0.2049788304636478
1.1100427557211172,0.6802223794102036,0.7569844286004999,0.49355004339647696
1.7432472362396534,1.4074990409886567,0.9035086823150627,0.2579119011062678
1.2745590342996356,0.22628185617543645,1.5227285745286205,0.18861627925584684
1.4858447964752128,1.0647034799428818,0.9867189375155236,0.30568417728830605
1.7963509821951427,0.8020482576570755,1.7392087978238533,0.4262795305065275
1.3703836692708777,1.3774501170071072,0.33269659162976023,0.1086398523328268
1.5162605635979014,1.4680414421953274,0.2654500060110546,0.013257798377199481
0.4128799738973173,1.1941997288991018,0.8598490623799802,0.0732288583781402
0.41285463523263616,0.5971159907806886,1.6581174206937077,0.21493182906817293
0.46142725697452014,1.2664790283065481,1.2688596174994924,0.36682523125704475
0.30088089120192846,1.7254776373433782,0.8853029305410454,0.4244595664161272
0.49375605847224313,0.6861018348514887,1.0637461253964615,0.2335213392099137
0.9807267778713907,0.865132353233691,1.4802175380878815,0.08330982435682427
1.2771411611423507,1.6430433696321083,1.3824627845379422,0.45680457920395257
0.5160973149874879,1.2507927325214159,0.97533011955856,0.30624358713142924
1.5736514381822055,0.853018502109177,0.8414207938936118,0.10482085129755853
0.3073415620748628,0.6324870477979244,1.580461938105656,0.33238558612712904
0.744532813672469,0.3422334196298127,1.6535422312559942,0.3575610082728862
0.6837918596060089,0.8231900783160327,0.7502722101100225,0.08634479325677935
1.0036672707073833,0.9014689153410368,1.0355127357781562,0.14624565743147822
0.5726619363173485,1.6879133166963278,0.5434022075243388,0.06724282147448779
1.292797948250298,0.9117759927210404,0.9633621501249856,0.12155950472563476
1.7679369220286048,1.716144479809954,0.5963776063956394,0.33373326038868106
0.35614593459413524,0.7689026134993243,0.5075052177929716,0.22786512229989553
0.900998727315898,1.4029550409507656,0.6302266570775416,0.20298061023617242
1.5753642706274513,0.44230154187746173,0.5147420146292085,0.2904319522371018
1.4826497405406758,1.5167180213059814,1.3056606481207695,0.4584589921902648
0.8864470246898852,1.1619581595471378,1.3166990862383616,0.20685761470375297
0.5145943327135469,1.311668625543453,1.0303580884299506,0.19927054892775609
0.48406886703465835,1.509833545228751,1.5747878737018979,0.03882099928545124
0.8982399163496388,1.59680336066082,0.2527783482716399,0.051542453112316644
1.265037518703317,1.434037252690532,1.77506370342169,0.2806195030445434
1.7004893333541655,0.7893169796591925,0.451360160080355,0.2471116397996444
1.4668389134751971,1.5285675209061802,1.5038297689574547,0.40642305564428083
1.121445364032264,1.5721601134252658,1.4213006640670978,0.32584219028471334
1.16243267003252,1.619963051348204,0.28849333423880996,0.2723271606135291
1.2006392666473178,0.9607384244988376,1.2312280044437844,0.15500852961648687
0.5326509878516195,0.3773406803433433,1.4298391323657718,0.316272843194705
0.9493240761362252,1.327280571961794,1.7439074947702617,0.4711502187485148
1.5020780717526299,0.6398945085830561,0.948051442612365,0.4188058316123134
0.4041190662805745,1.733827194236422,1.0986693295099272,0.29111413291327853
1.1102166321357678,0.3695891072147809,1.4709201991852987,0.23781992998939755
1.2501577525281333,0.6134709991417822,1.551618481049993,0.05424906252541678
0.48838548314892605,0.8371641648751525,1.5863424677010662,0.123951167408415
1.2632324254809713,1.6654745192288087,1.2221246088460131,0.4963080253683348
1.304970052761046,0.9912204625105028,1.6085499147799747,0.23033810151530443
1.6283523972388527,1.3147418318716997,1.1524761307880305,0.40153859403698394
0.5939720237586673,0.7416266745129715,1.0536066256470398,0.1945309457988863
0.7977585290411496,0.4915879944377673,0.9627492032806935,0.4880359488962465
0.635834996750249,0.9693155474147173,1.6810958083311351,0.2644839965101748
1.6412418130866677,0.5182234328144684,1.7207233554674282,0.29352694823428166
1.6912977407370633,1.2115542356666535,1.2614558602038408,0.3959247946806549
0.9223632862979958,0.4524692978127495,1.3851555387440784,0.21490528178981372
0.5105464682331775,0.4994282837918575,1.1651388926435102,0.041476940407521534
0.7984003628793633,1.705886047306161,0.4249743300869502,0.3312407207774417
1.7716991834677045,1.6763959076508543,0.5041352298437085,0.4682366976685307
1.7267612923592006,0.7713127788703386,1.6759822358287717,0.13500808643859363
1.634843010017756,0.9222529408471886,0.8396583129394315,0.18284559670149536
0.22480137935750616,1.214210356732779,1.4191104242370833,0.3908833682425322
0.5547576558967524,0.325282472969182,0.20881742079977542,0.09700096974644595
1.1764379280162836,1.7051035279094993,0.3385246758111982,0.14696446181807243
0.24360479634402643,0.3022585163849566,1.3643164425888776,0.30431823009462405
0.9685975768003224,1.4164273268279972,0.8373500980552715,0.4870958350599346
0.41843838504450037,0.3606509300694053,1.7714580303787362,0.28548130081472467
1.493332391021238,0.3386530071004449,1.6835089764152762,0.01600597605661247
0.6358379568858334,0.936424176619122,1.6812034693857134,0.3602484647144435
1.0493009124691786,1.1222576374871183,0.5438399993817669,0.4662339064791867
1.197804519160996,1.4023691550340662,0.7654721290611396,0.04334318709248308
1.7414647141171664,1.2536267114500874,0.28855518832067567,0.3637613208167801
0.6694714078570212,0.30352382159518865,1.424378495662564,0.0473968316294226
1.188796909993527,1.6400683061501797,0.3188006986086767,0.13857789954470656
1.7443307495789897,0.3451282977464728,1.3111663266727418,0.00991502562666624
1.6737512512058432,1.5317644626572036,1.2660954610566164,0.4587226543948166
0.5330999001335026,1.1640251021127785,1.046950450406156,0.19504755836445253
1.4015760646242816,1.6580783403113473,1.6434653910884556,0.19721431598206351
0.9077233562902698,1.3187001359587616,0.5771248076475123,0.2205753389399273
0.8208492730155619,0.2629655291250296,1.3678333091713806,0.40436633182025095
0.5722929563355488,0.5925053819370871,1.5640036376430444,0.0029972122658422085
0.3774845790734167,0.6656834615432421,1.7389029895086632,0.08279990775600332
0.40140646558887894,0.8402299884664824,1.2613872273970934,0.49866204387932817
1.6032401497132396,1.2847650633831478,0.37007109160438134,0.4245675381482124
0.7058729133107678,1.4237920606383572,1.6481478376375174,0.2119205218953345
0.9023558151682313,1.1815912209135062,1.4072654511684695,0.07767080210934957
0.9950716549942396,0.9204828124990305,0.5352261879147665,0.04957454636772285
1.6582288128847393,1.0469335582456416,0.2764655832272419,0.27971817774591523
1.448739329915745,1.421037124001231,1.274715669246183,0.32594792061543065
1.1788240634453182,1.5231976846265154,0.6765562124455449,0.0691657973981391
0.25728625688536116,1.589033064920935,1.6031165511639933,0.32862574391503235
1.581941399763033,0.43443872005396766,0.7848904182059749,0.32464833845624325
1.0642946957704231,1.4975911074760604,0.3135183386323877,0.444827609611081
0.3162907780101759,1.7314842183284744,0.3435215921051387,0.2312724541568606
1.2723060659542926,1.5970789726200225,1.4109298326212503,0.007829134530400239
0.7627596603648775,1.4104701263577177,1.2263411844622447,0.09646594048152324
1.0319594110094357,0.3003211727848324,0.6591962753496576,0.2944661997955844
0.5097680203083521,1.6170729063707874,0.4087066177564693,0.4840701731692867
1.7077431658384892,0.2220081749058005,1.4200066752583933,0.374144209843592
1.3506067498861007,0.31359993967345007,0.7693196170982691,0.2450485823671874
1.5860941244889488,1.0843372423311997,1.7169695258403312,0.197203516006701
0.4934404037994854,0.47230322761948745,0.4557400933222959,0.22518668248521428
0.34303769425072284,1.430275512110599,0.4655505356058084,0.4386084796373564
0.7831742146742707,1.500066356208739,0.283344327702404,0.13742485789661602
0.3073582442307666,1.5957779974871327,0.7262721350135898,0.4876318701521604
1.4009003203488535,0.42799960996441755,1.2783740957787124,0.3800397907833175
1.2050132292166824,1.715008024629054,1.0042344649510595,0.2716209069271083
0.37207702450370106,1.0309007281339322,0.9905237370727485,0.3570095951611338
1.3690189862631326,1.1786655075720815,0.9941463428094466,0.3186361006331504
0.7340157496202661,0.7799430037569784,0.33748128555477663,0.41008845157193174
0.604854097009415,1.6163125075688412,0.7209671419235967,0.18900592805021865
1.6228224030103449,1.3707951399867147,1.1544753760714999,0.031491700122029676
1.747679987064726,1.1022881387472676,0.7442033485259102,0.2665573108561517
1.3846377723884185,1.0064958823385457,1.2345002157786573,0.1244548164690551
1.2088882247691497,1.347251952351214,1.2415894210745537,0.12610556195904632
0.8204849107233428,1.3386317594086996,0.34243230107294287,0.23450835850853585
0.8558996361110127,1.634749948891252,0.9952712446800746,0.17359880490676993
0.7956538489151382,1.6860078887877479,1.4824956099501685,0.40912390066908505
0.7200494761383155,0.48962303264860924,0.8928297232138258,0.3442860295249431
0.8273514820635428,1.0636344301602245,1.1787903439423597,0.19585122786433679
1.216104213927805,0.9677063016034877,1.1939754574957477,0.3085400173169182
1.2714683671895384,1.7066407017594791,0.35994502097130476,0.3254452762581621
1.0957744941798206,0.912364668745784,0.9920851848060209,0.14108234552979076
1.047907950607344,1.5147872403937208,0.48864147117138523,0.4446025182101182
0.37964849637038467,1.092101263023475,1.20028012405334,0.027179237550487068
0.9133562237216128,1.5797979513622102,1.4880479676951706,0.17089299774673705
1.1608192222829081,1.1733565516806626,1.7975002991995255,0.3610844119460658
0.4904430558313368,0.3811421479790569,1.5524190736443362,0.39848486610132555
1.5716249192368783,1.6732245015437661,1.0461331869230208,0.0863654226672943
1.5568868706318508,0.8680843433374358,0.26308126506937424,0.039813479075414326
0.6695773947021681,0.7708248949800648,1.7729271297835327,0.3105329137397015
1.4761150960780642,0.5136927897433814,1.15742463473263,0.42907224694234003
1.5239625368620602,1.6684268290118016,0.5700905310062638,0.10052927320446486
0.503813919279396,1.4455517376400726,1.4793342508214404,0.46851546254433313
1.4906812531587563,0.9659129145638209,0.6793652644680325,0.2840203750565608
1.7537072642843026,1.2386838165131724,1.6776775513416535,0.06730910621693714
1.1076038238160573,1.6680630135639358,1.5595937268588338,0.12511999811245972
0.5868046915004137,0.7228125611748769,1.1570370918182338,0.1198663371538064
1.7340719604705714,1.312676098614787,1.2203088285700285,0.3274243040901023
1.589939466613159,1.4622145633437031,1.52011074212633,0.35500810868425736
0.4789603743059029,0.3534477378048775,0.8757812375456245,0.03734687654399338
1.3747262578824047,0.25467563620700323,1.4913125482323963,0.3152844744633516
0.8425818483885612,1.0417080467148039,0.9512963752567847,0.08890028956283025
1.367803049822923,1.2387678622653273,0.3233348945954485,0.34333061342929394
1.5317810200192807,0.3588896448679708,1.756702483812649,0.44987178707083453
0.37242867550817116,1.7069560292202983,0.32415403590762193,0.1609215815662578
1.042776504983278,1.2897608089300268,0.4398710084615494,0.0048103717446163485
1.102571095680937,0.4981516687666383,0.8565398819005317,0.34254328646436566
1.609370280356962,1.275036067906838,1.032762077330412,0.44743922670686875
0.6645439014415984,0.8850936578716719,0.8718847008977895,0.014116519860620014
1.005475052835081,1.1472274773239424,1.4341995085232992,0.15510300394599452
1.5890835052487382,1.7085147633285989,0.29438660998382027,0.3396369861593604
1.2661471158401896,0.4540236016442058,0.8745706496451712,0.0823338841546738
1.0170936533716566,0.785922648993279,0.2387851765212671,0.12907610199759073
0.8501671000941793,0.8411940360937417,0.6554741734253231,0.25854942287475297
0.8758304215197954,0.436880547650356,1.755132884048593,0.391720046633357
0.2814272654199815,0.3279903286860877,0.78662887135601,0.2576720450856184
1.5869053344978943,0.3057327708062967,0.36726855741300657,0.10037481374988477
0.7204315268856977,0.3991007701657935,1.4170041920188126,0.07723306214920322
0.7712854079810461,0.46531774422998545,1.4226803650958024,0.4411690394722001
0.8558611970887757,1.7908889803726227,1.15019497929346,0.38468699116554744
0.34453855301381464,0.28047830405723084,1.6575737887025064,0.10825588816109327
0.47437226705941826,1.0172641924009302,1.3828411985923472,0.22672728797897113
1.2852128190301182,1.6132040277024342,1.631631618344073,0.42944199140261086
0.8243794852511781,0.40251759716159174,0.7433825536220678,0.040672171252995715
1.4906132808535248,0.7738493907530293,1.2654518186899748,0.323500012318248
0.24452883692918284,1.3041759981918122,1.6988650181431701,0.18171847351674686
1.5812333848691982,0.7072632871111079,0.4201071144321794,0.07590978958067812
0.9231398745612607,1.5100371761584541,0.6133733075482954,0.31170461153544454
0.699706708371926,0.6575267323656473,0.5538913143902426,0.35743757831420236
0.37318401018674635,1.3960542672082505,0.6925539157173106,0.37878975246412533
0.9798319465056293,0.9158889594528071,1.2315484544661652,0.4486551037915667
1.46735339479066,1.1199554049334628,0.8100202654234894,0.35856718236390656
1.2730290735565244,0.3820353069564193,1.0257564834265636,0.49323978608899455
0.5577729895480465,0.9875615245739148,1.022660477278221,0.2398308763861003
0.5226639594699058,0.8740834662226045,0.3114001393449898,0.4010599580976539
1.4411688344950193,1.3867332567009873,1.1641477243289429,0.004770451298876488
0.5092012144216158,0.27837659476915894,0.373779437912483,0.20212469100777108
0.786534426572116,1.3221995551722887,1.7386332426095563,0.07152396194386845
1.2464571569888452,1.7280361713113621,0.21919250277034705,0.43483217119899203
0.8559270585172722,1.4143734779897634,0.855683106870367,0.4890170160615733
1.2380057512629121,0.5347690283905937,0.5235834958668026,0.3484538989007962
0.4238387505771356,1.5799176341046317,1.7190814934757785,0.47897341637385293
1.2409517001334887,1.2988409055431178,0.49910636775321676,0.12629043006768642
0.5845021200721061,1.5136199990591652,1.2320234204021863,0.10500302327156702
0.8391787048908738,1.775846208217647,1.5868583112761308,0.39798702481619536
1.16732707714046,0.783615190968565,0.3068039252845986,0.4320368659274819
0.4232263533363612,0.6859859037665397,1.7349137162681318,0.37272050336113616
1.5698198062035456,0.3890485752431301,1.3524135579981817,0.26903714179294747
1.0415728219740117,1.3429744534464618,1.4421578801390758,0.2955011506978259
1.3486718141607863,1.110575673380515,0.3941337250373921,0.43674885853297296
1.416825535817332,1.0650298123880229,0.7304357687313177,0.47559494853011025
0.7051177055256366,0.20222719194313482,0.7390252266743689,0.1378639073017916
1.7381936962574835,1.3066745995338322,0.8443805053558646,0.06657657865992217
0.7483236899645858,1.0909982953209962,0.898944741206595,0.09717141889124797
0.9558587312035973,0.49434749185746435,1.5477778809095855,0.30390494092668374
1.7537281722067006,0.8533453828977933,0.9483650861136963,0.15631580888668434
0.25852373902272696,0.23965164524287058,0.6064397081504025,0.12500950450603898
1.280326174228009,1.6341414562556293,0.940868225636053,0.26873318492792875
0.891572756995699,0.4833875830872408,1.5509216530281844,0.13630892033630726
0.634021329925797,1.477571875394966,0.7345547278642767,0.4409680202106605
0.3210607504576531,1.7219861535914196,1.3946406186945268,0.3146861546028415
1.0942443022177115,0.9882860789487635,1.2696545612422359,0.23551178875344042
0.7534562538892589,1.4497470803322894,0.8103705713467073,0.10997258812733401
0.41867203144800835,1.591173009666837,0.7095728910534472,0.49289380504186425
0.7781117838330314,0.3006117669860307,1.0084429547214782,0.2368965108702985
1.2291505518095343,0.46496059855223987,1.7950455267987953,0.06548067982167138
1.117181072802038,0.2235340625810474,0.8685367046138616,0.16111397412507988
0.3677180976486548,0.5977814261691337,1.179239491836339,0.0016600462169903407
0.8385322683794108,0.6306300318554896,0.6099180319948805,0.38187491541553675
0.821714823823022,0.3771776801944572,0.7571943596867309,0.21741879319523688
1.008856170656425,0.8203203906927753,0.8976919999046871,0.37897686990019375
0.9007574273034548,0.6591691935758066,0.33018135746815247,0.32707779516089447
0.6648291211759161,0.425561420505547,1.2273341732358893,0.28249193804796213
0.47915661258089076,0.6802874190299222,1.1225892006223177,0.2943579625939303
1.0739594599158,0.37876145585834065,1.2535362250226072,0.41758836176105324
1.5526148275604261,1.6979613422540643,0.43549152173384154,0.1887486813018886
1.4513513170739385,0.4037711831933579,1.1457462931862936,0.46100133448761293
0.5288220563596748,0.9063916650398012,0.7325074989639517,0.4631452498778893
1.1914401124140375,0.4427399784937286,1.6550255087167132,0.059663770452103304
0.44967728802358625,1.6466167327608863,0.716413194288488,0.45111731120568166
1.3430378347210974,0.4725655936182205,0.2803358401513657,0.02277896096607479
1.227410770593401,1.1750139148660081,1.7362160011074355,0.20926759588365068
0.8529227583877397,0.7341016679401846,0.44811682538408115,0.309060241248257
0.7752368369797322,0.6569835241398612,0.5321040181735632,0.4029132892750836
1.357840672799871,0.5987719276479142,1.3208294354584793,0.45376592555067485
1.1031845527746376,1.1398971111921354,1.1494153114076044,0.49888924364669274
0.8036240669749828,0.9028832148257301,1.4128850046000394,0.007202313963149576
0.5513078614049473,1.2260633232697908,1.658594553863021,0.057207041278079795
1.084211502826894,1.2875022590848917,0.8412789558194506,0.05337912291183522
0.6238315050408558,1.5717316857847536,0.3084104675275682,0.11453138671927576
1.1116872856539393,1.6140430558397707,1.2454417938148508,0.16723194999391972
0.5974286023679216,0.4526406403829272,0.2131496696887108,0.027666210911952593
0.37637412306732043,1.641484006798859,0.5081633425586277,0.24044711658473494
0.5158065034677952,1.5282080660640012,0.5864118580128681,0.27474144140049017
0.5031486912079529,1.0760488872694096,0.5586678865193633,0.4365759340270671
1.3269470734793969,0.5806990000664649,1.5830301838342546,0.0903179612198654
0.37639297180717557,0.3918535489739765,0.6197812655287831,0.11520362935910511
1.320664083109658,1.3963883767463479,0.3247317567641923,0.2827832133076626
1.0463758948791626,1.075600983357002,0.6588330018864159,0.3656906501033084
1.0188446344272868,1.132503327087064,1.1854416338758669,0.44588164209574116
0.5144342372752296,1.4497573865471136,0.5930600000190904,0.15438746173683732
1.6771199469651668,1.4897173657471419,0.27693352844288566,0.3015020870874754
0.9062067479658383,0.6474719677413419,1.2764759075011092,0.13620223051011815
0.9091254630343606,1.7676393232501844,0.5490998607192141,0.46813961436345464
1.6370383721714337,1.7474533025742287,1.40225477346035,0.3188557735792626
0.4104359098994379,0.3329834518525141,1.6060441656312454,0.04007142476596953
0.6779906107170826,0.5784897957781834,1.2257710673196474,0.06752520697242409
0.9658867748774407,0.458901195130567,1.1867594836748796,0.001587623482986078
1.5889391554778107,0.6557087806537159,1.340684254398072,0.4121209141202719
1.620018101330892,0.7129873724406056,1.6594458395678684,0.3544445994951583
0.5023142119877955,1.4690621594708342,0.9759101447479276,0.06973183474921552
0.3243383430831128,1.6142725712575252,1.2362104018179791,0.09855543080618745
0.2895876678212429,1.7702109058640134,1.3497272906496636,0.12517527331156275
0.6051141110292118,0.5001430781438699,1.2829826119736312,0.042711069706121596
1.5263155187217832,0.646952858149773,1.6745098332325743,0.030762296820283253
0.8631843119050112,0.3919366984489684,1.6075774611532336,0.21867400058749853
1.4765191154022828,0.486066722040271,0.6201728496357924,0.3542284598294123
0.3359900398562258,1.6621121107240409,1.5361236389008128,0.25571325077931484
0.5812703107889694,0.2979207990513769,1.6041152790175393,0.21052772192025548
1.2602660450813719,1.6591233739107174,0.818979793032721,0.21664361286634048
0.6516572770554067,1.4225374602494592,0.4835472522585105,0.3416660598122428
0.5322140654008404,0.45483304901490146,1.5069188122729575,0.18779316716144756
0.6860820943057808,0.5555423998508389,1.0153722211433722,0.05508650097480278
0.6047890519817849,0.5146430527178982,0.43994382193712334,0.13094472240191063
1.7279009388421689,1.1066564757172583,1.0332748738003894,0.29379169497836105
1.3474175888294375,1.7601850223238973,0.47288577549219235,0.4202210962190481
1.2760106214616633,1.2877532678654082,0.35927612582153146,0.15016548643317434
1.4968455288372222,0.2571728205832583,1.2057624823545576,0.4475730676192694
0.4514044965822691,0.5119309710158755,1.6118311920953177,0.4565832926773432
1.1438852180967347,0.9503933096837569,1.666306316999587,0.4836436917301079
1.5436560705102031,1.7956444860061103,1.5544144808993485,0.01139050714036749
1.7773479328193706,1.5854989576920875,0.40549227736372473,0.44822796288346023
1.2756959435222368,0.7267802600960594,0.7010393705602104,0.2908921719320464
0.6933865721798467,0.5370413714302642,0.4543746565878942,0.3117323435199855
1.1047103697652176,1.5619722346311247,1.5345019843181356,0.4030616464522144
1.1088398768400283,0.2501999723041294,1.1453041243362518,0.33951160698229504
0.29590028907501664,1.3478208222351602,0.5840599899470659,0.21381845641591007
0.9636245981631412,1.4139349444125113,0.7224998522459293,0.23827397211567625
0.8649187527536473,1.1516988618702462,0.34311922179475185,0.4505577828179151
1.3883467429653475,0.8101574891754553,1.2764870278340594,0.14937752077666366
0.6430844130436724,1.195168138198372,1.7839229831776797,0.46537391470390943
0.38373622330285995,1.2097548991583658,1.0036467967049938,0.26533010042088156
1.3654848335862448,0.688998868648007,0.48546439075229253,0.31679683409715864
0.38422544987203755,1.0283435977213442,1.7152014066746517,0.22369789355959974
1.573589478980269,1.0013643590939278,1.1161690176124721,0.2421249289397961
0.36015770691925897,1.2313097351102458,1.7762677849062565,0.4328668360741909
0.5557182169858577,1.7555313307126517,1.08206700396171,0.4629767492794622
0.7261156596170059,0.6511664755433533,0.5809965425094624,0.4437511477407118
0.3028956701786459,1.637390535747502,0.7095163690981522,0.42770378261101794
0.6272936501663424,1.5958951449150938,1.7180066687077273,0.13491456405899516
0.8526140907307106,1.1108443657502156,1.5070373205577874,0.03098775439692142
0.31346829976124985,0.657072631320371,0.3979183046327819,0.14337780469424832
1.7687695459524384,0.7340234961387413,1.7488843149110382,0.08213004088460024
0.2828131042206088,1.7230767940407699,0.9421852184681404,0.06960594617842736
0.4302551109715722,1.443416848752393,0.9022798139590146,0.40409372274885025
1.6034023403464772,1.0827239430350954,1.4336877669930472,0.4217898042189506
0.6508814575745112,1.0883178429664622,1.3634320436484897,0.4433180128707742
0.24576154821483126,0.4613334042306606,0.5244225808136362,0.0053703002844248116
1.261248290775706,0.5596400747528552,0.27524631843076575,0.3243420204249112
1.4090588433588986,0.6783685194935853,0.6008774924956128,0.12333808223340947
0.6355920538467584,1.1007084040010908,0.5649437540360105,0.484599052008468
0.3976046883670859,0.8260242698298802,1.406590314196869,0.4580024209698307
0.5587769563940697,0.2825756794937433,1.706725173590163,0.38745027494722784
0.3584405204351842,0.6516862911157988,0.28324863425695007,0.014588035151284817
0.45828409408432563,1.6173204359249675,0.3776930733219813,0.24306342227575467
0.9609873839718748,0.32904373200272674,1.3117362081071433,0.0331282317578081
0.9407421126568497,0.5891665862030182,0.6493667438715569,0.0386068471810036
0.31744392084342843,0.7253690694623188,0.777198972765159,0.34320537755964226
1.061537211044128,0.6669920067430336,1.1822630182482903,0.1856589411624131
0.2092078330057514,0.33562467062008794,0.8449723121845876,0.08117822954078235
0.92413212845163,0.5414922978476908,0.36504097310558004,0.1596052157123225
1.6353604003740967,1.3038207068966372,1.0105659773452218,0.42789467056854935
1.0779944634590035,1.7027649199655615,0.39463156067823096,0.33710878510344044
0.9689174177829237,1.5311450189128777,0.6835407620429597,0.041612664713738534
1.6310879740287623,0.7941898139256832,0.9712715572009495,0.15208469649021128
0.2787771282991311,1.628917500430641,1.7082046184418729,0.1199575623925781
0.6197022383513917,0.8813597490809932,0.7896768449198864,0.16486915171981043
1.2815899566745537,1.1497967711252088,0.5645090008392111,0.15857091027029568
0.5267912778241065,1.5081322577513359,1.49813018630138,0.314466129471821
1.4991861766709047,0.9270723644393912,0.41099643416202813,0.07064528033944345
1.10829046354447,0.602969859275901,1.2705367360229174,0.20538596126583952
1.3897632338712609,1.4017112296544896,1.6733465546661292,0.29418494034730747
1.686256803271795,1.5835262973760877,1.2907654624639235,0.45938571917259174
0.7515976975315963,1.4370591487844415,0.21137238954245982,0.19168671162201173
1.5933198430272648,1.2557198174694306,1.6489885506127904,0.4320375416831663
0.8636322388561233,1.6762651006585056,1.5659786731356458,0.004521262541655857
0.463322532178568,1.490726393588463,1.7613080310290226,0.01462350567200138
1.5215271256998828,1.1379667286636572,1.2376920530134394,0.05993703967656028
1.4140287222400618,0.5553788724483755,1.378089678475757,0.3261360371882686
1.2863075241706265,0.48346080513536704,0.5186212230462044,0.16255446429331466
0.28681355993089847,1.5157643451149323,1.2865174045818295,0.3797587592040112
0.7296969202199474,1.2890167668889319,1.7042693703333192,0.25021355164377024
0.8650849326668253,1.7363503155133795,1.0162845116375379,0.07647712079728225
0.34273826533304363,1.0672596508879844,1.7340398108725699,0.4293521309904082
1.255917213018106,1.606242392259337,1.0660391440741044,0.2972873891808003
1.492997641746969,0.5594130044884305,0.6465072433119421,0.2229551481880077
1.349979501722879,1.5178046282057698,0.8160487906881801,0.35154578732738634
1.4913231015645967,1.0062515645815817,0.3400232618101995,0.43501005991636604
1.2457141054782714,0.3274042140070452,1.1917862201106628,0.13151856570100973
0.9779130704668537,0.8057404283534988,0.3945061799289895,0.1865668278242879
1.2687953281857094,0.3218859300170171,1.7409328430958546,0.43890810673359854
0.7163673470379184,0.5651004569150165,0.28417143346402896,0.2675071286355972
1.67791973150655,1.7302774902527085,0.35518317196806415,0.41012105511693187
1.414601370070361,1.7770753406706346,0.24446112263528047,0.007886904088512003
1.6234798885519763,0.381933240206208,0.33792952707941254,0.06141452149813886
1.3348638592445317,1.644727508381783,1.6926274796003964,0.48637048971358265
0.4464417134138452,0.8151689594620024,0.43700569891060304,0.20308999079899948
1.0246556924078476,1.53613682997102,1.764778395159376,0.267412927773406
1.0142779424590762,0.21278326825660102,0.6283892738301814,0.04436263757839054
0.23635885337184467,0.9408045983286009,0.9504804415678147,0.028023858598769102
1.0827984571485771,0.2688298024858319,0.5607234054443668,0.33567003045878263
0.8267194729604477,0.5103241896474138,1.5272697844048533,0.28179388750770423
1.3835225850677413,0.5072953710700376,0.5107829041666041,0.31190474568317805
1.2431571399031207,0.8250235600460328,0.41863822988327876,0.17544634232135847
0.5465422710702303,0.7275916972743809,1.6373137164239544,0.21714535214658826
0.32498322011465847,0.26732288447197833,0.2479666792609389,0.20801008719128566
0.7725043957131508,1.1970721794202324,0.32833961879698736,0.4544388306536256
0.7716793569764343,1.056005660934214,0.5280746990032279,0.015478635631405557
0.40251682550991974,1.7473052401502815,1.0643509002987905,0.4749248904538482
0.2965830189471949,0.43485730758484703,1.7072642000750267,0.3722497375258163
1.6194490085989304,0.5898306374475139,0.7493429087387656,0.12959708033991213
1.1460590351778444,1.0882796329280988,1.2121599899836235,0.3650152435414935
0.8135640500913779,1.4510777432061095,1.2986937606253588,0.15698810536006164
1.729904359706179,0.8975452189650314,1.3950956147412004,0.10884942942213383
1.678620492351849,0.763189893068384,0.3941523799873262,0.23234721104796724
1.4336553385516337,0.8357478191084737,0.24094867442070841,0.31486848514682386
0.5661430728576512,0.5809818756745921,1.4872509925651827,0.4552272408955045
1.1569705807790616,1.2712070316405957,1.640798039938314,0.23485747505790344
0.544833584921605,0.7693986263903995,1.5431085583984847,0.2762391648832345
1.7357574818248505,0.5436430890345638,0.7513240510634442,0.44837669351243414
0.8558046775360397,1.3994690895778412,1.1126938516129052,0.3214898814494567
1.1586944847193958,1.4251654366418058,0.24884355142856845,0.238997582102985
0.3587953711576668,0.9696548092463232,0.334620560280317,0.4559216992281647
0.4670980363819282,0.6632696472675932,1.4192816246340327,0.22525242559994302
1.5842177965492665,1.5451909656786997,1.7828375506829592,0.33479742706592547
0.6428390953844545,0.3354923852207221,0.4262810115137279,0.33060538180701093
1.488092934931674,0.21505267635991224,0.374624737267713,0.11327073223699535
1.5714338703602266,1.002664629950216,1.303451726468955,0.2191993889615944
0.5546769267449638,1.1131890717466866,1.5782636205305145,0.23014702646701957
0.6879350230873327,0.2840905377622654,0.9307679828826011,0.45990384383950755
1.2828508739705007,1.3354835755400303,1.5090071838663985,0.3953659990648226
1.0364770553908722,1.6853101620326196,0.42250286146502003,0.4173533614233709
1.1442098320412415,0.9822242438430777,0.6023266455497719,0.4690815765578213
1.5662186505594218,0.49586384365824343,1.5891554029232096,0.14966919127588796
1.357501425494484,1.489330802305281,0.9329014888808101,0.09537280440590029
0.649593828647357,0.9189387559264866,0.646137987392889,0.2652936012513164
0.8059642742373132,0.8600191635417588,1.1077814173450649,0.28498217362938555
0.4281007208163201,0.8858851449552401,0.8354252350985373,0.33758034958885513
0.4977117167259836,1.613985709361135,0.8297029763444514,0.353106373964764
0.2720846075704626,1.5804080064028356,0.8305840357715235,0.12745026704178197
1.1184648096912315,0.8190545073678758,1.4351619714844135,0.44822285665897904
1.3833048292498633,1.6149426214883411,1.6922382728168306,0.3745282003694524
1.0651301098380355,1.753979948328179,1.196952844402894,0.14445547085741728
0.35830025301672896,1.196952430716151,0.8116542157680147,0.49258186909468826
0.22121742372619227,0.2679565100219905,1.3350241569705046,0.44060418085651365
1.2416757038586832,0.5179451755591613,0.4407187058402504,0.17184829990225864
1.452840123975246,0.25803324936255795,1.3557529453962007,0.4052076967021034
1.673369596255729,0.827494232343064,0.902843723274278,0.3462430099826548
0.9862314938851485,0.46904004695587814,1.3996684432448079,0.18438189620067547
0.900872551569267,1.0129732858913278,0.6096589089956591,0.49333003339345094
1.7767443057411758,0.5406097799215357,0.7138075204485155,0.3241500633396222
0.7132968312473889,0.4165624482548571,1.5765085257895752,0.398249287020453
0.5426536080197328,1.6947082137857328,1.6407196173285095,0.26331016591870077
1.0816235105029555,0.3367364615944849,0.5976851360882269,0.39216862362181065
0.5858501447899909,1.5038886665658204,0.3045732621834506,0.02809568896933179
0.9378527913849203,0.7428704723763069,0.9710028370201691,0.10112375189990219
1.0802798824676307,0.7053893338821708,0.5457769910698621,0.14350502585200037
0.9276486589637816,0.834281734486124,1.4589727133953845,0.2062668487159257
0.9837783955616418,0.3362520311240892,0.7850660621691988,0.4960444850361084
0.32187200662594895,1.492669291159132,1.4624019407627242,0.2273079485541653
0.615066678264405,1.6407383130387048,1.1112154947141462,0.3644769509839559
1.0785824482398065,0.5018163017323344,1.5040231869316645,0.05494892892549913
1.026840456269663,0.4104297212801725,1.5041482906803854,0.11346501795484498
0.5142375562739572,1.3934087645102005,0.6021698925403449,0.44226770506653434
0.28962819787313643,0.504755081732152,1.5490148274653863,0.029112134884390184
1.2646158054885308,1.6495373676063216,0.7413943007428742,0.48647174213653427
1.0659283752878375,0.22711668393764942,1.149896066662965,0.04449849020285107
0.9502403348026152,1.07105655940434,0.7070743229773641,0.07515395397415503
1.4249496890974542,1.0155144818166768,1.4672130454298615,0.19506841768885597
0.49357143017127103,1.578868363729653,1.300995669213116,0.29247159292527114
0.3507520346783069,0.33047138373728313,0.6139746070892386,0.42945868809437104
1.2750704406161528,0.565006226586392,1.7892223507311946,0.20708840180535065
0.6958243781175029,0.6949451625939909,0.22398691224692296,0.24357798433651218
1.2715950030724414,1.5820640777828885,0.36428598426819236,0.14634403156967313
1.6047562513725693,1.648215200676314,0.9038382190324377,0.006887619666829159
0.7620023679730658,1.1516436862319774,1.1135182535936103,0.4824103413535963
0.6454284120613074,1.2449138616315951,0.6412885962799282,0.223945729672071
0.7107954933821322,1.0053656664062165,0.6980634954821099,0.13580247804159862
0.7417010417094178,1.0674958232007241,1.6026962412292673,0.004629491634869476
1.5173868322574957,1.4906432071929188,1.180666859480032,0.4999833220638493
0.6196256998205228,0.6961119805353817,0.7689898657646143,0.45153121561371434
0.7805825224131453,0.3378934948401676,0.37018902383556695,0.17467493468899925
1.0217295275554514,1.0384768753038194,0.30415769564676115,0.3801011331114548
0.721275362601,1.0344907208962084,1.2092808345056443,0.11446196924844504
0.9598503712347345,0.4574963185560957,1.3074188797241244,0.3495657803696993
0.5211935167932349,0.9558645586499406,1.1689186246452905,0.19998485195133653
0.8632776226313297,0.34438642414941,1.2963388895411492,0.44745049906184975
0.6108556060983503,0.2548601032418124,1.6288145538968932,0.038392413659266156
1.1152675238138838,1.6535699485109363,0.26274992487982635,0.13129677335534845
1.4751868722997499,1.3479271186875064,1.17679605295501,0.4281777400556451
1.3771876138437984,1.1711504941344792,1.2660508156691108,0.3730107171412907
0.8785230199034357,0.9347728151400071,0.4123442114177681,0.23339688311011342
0.3878422253198003,1.3504391258444381,1.5016908294385602,0.12956917475436436
0.597491675451576,1.2018327928388215,0.2090094393456235,0.34288618950010663
0.3271300703307478,1.1305920967433765,0.7394185169234484,0.1123438827663153
1.3831393028182961,1.5922710656523342,0.5944584772004289,0.0834754103283536
0.6265856293122092,0.6507553136178017,0.30114945539980015,0.3780908792895294
0.7865080444925286,0.44797273852543706,1.2225172570516853,0.34935447684512394
0.6237376706302058,0.7983323392077685,0.8268588815315019,0.34491510651904556
0.37930145487025135,1.0477016781510362,0.8320129942786411,0.07706366674719195
1.1994994790792322,1.7347462948009007,0.22835334700322654,0.22896576183552236
1.5369898616326132,1.2705602411135835,0.7443192762639554,0.3264988808222608
1.06433089841107,1.6972025421464674,0.8591245057019137,0.09871056977043507
1.7159649208663463,1.1049838751046575,1.3042693598820383,0.49816142506855937
1.1216464438679337,0.5308990903852309,0.7867720362562046,0.20727548840266175
0.2449309790935533,1.690411784026196,0.38658580210821325,0.27171636860111587
0.6326195740598539,1.159449003238685,1.7814417486750587,0.029854856723583123
1.733715779194583,0.8845190939741159,0.657692726816275,0.15383371816490615
0.21183962727460162,1.6938070714071876,1.2035579090481874,0.36606982399503096
0.4956142412736582,1.1646868039079028,1.6279313334945866,0.43111863641039744
1.1956570696540425,1.25727575075116,1.0615286935288606,0.09108685636952502
1.57772745283982,1.2266419503171875,1.039561668732039,0.22382558019897153
1.377046468953752,0.4553245880452994,1.4988412278804957,0.06406645302933928
1.6768501789991281,0.8491226217891482,1.79479247741676,0.04976323591645038
0.5595363430003268,0.2012746683895832,0.7237231713497111,0.20208261306945768
1.530855318179262,0.34732708569437865,1.13251639805293,0.43809596518685184
0.37210584221381227,1.6895978231784297,1.1757436829668548,0.2328125715781627
1.1411430990745999,1.6834727687944298,1.3047479670287498,0.1658358667292082
1.3759533936121544,0.9133826915508895,1.6206327340454418,0.30110994828482535
1.1941932033095286,0.5133293094400446,1.250670416678126,0.15980849486609
0.3368041498521542,0.9717400145216901,0.44518501349950035,0.4269309232924747
0.4704191154461007,0.8150103936760313,0.22668604977724977,0.06569938142435239
1.437171077539254,1.5317413680859768,0.8770290832905108,0.09817998830435437
0.9906452384876936,0.6190760539095452,1.7187843013057327,0.3041417774189664
1.1734180582078193,1.0937124915339225,1.001948439074287,0.007800255912109422
0.28811528636707345,0.5834099799872513,1.4681715403031936,0.23296816997783082
0.3553278531122428,0.29077752773293064,0.3732479782109024,0.1005834629280335
0.7064148049583157,0.4477779282520181,0.5790939523043539,0.05879491829452421
1.4373428200817573,1.2008638639315332,0.8486897302497919,0.12328263522566141
0.34490509221462595,0.9154701080203116,0.6738148803681326,0.4136454397386236
1.5866292849509815,1.4895553511473307,0.6956870037569498,0.483387484380122
0.8423705994372405,1.4813847424966309,1.273249024917532,0.4232472661516522
0.923063346741747,1.40900257596279,1.5929946150478675,0.36639741007536325
1.355960362221243,0.22845585880594643,1.495048608139304,0.17236571478249663
0.6590568937403691,0.4533953354744463,1.0114464216311052,0.1512076838290493
1.0575939959350604,1.5177314930599977,1.3262617301590924,0.33875884692518615
0.8200187548317563,1.591323973420057,1.0919476031180078,0.019489480430451123
0.9661240310717967,1.1881554337046027,1.681895953185173,0.06216829081408792
1.5599572759885147,1.3284805687280206,1.2827845666288538,0.44107206540870686
0.7198620967367662,0.9604275295314514,1.664325089639018,0.23541405254322023
1.0549448450766046,0.800680815942241,1.2630298959513389,0.38819530543540487
0.4658926615812882,1.4048354047663991,0.7487830048106806,0.2933877415274551
1.090583686961708,0.7749722027837528,1.0201878735266214,0.10980346993342549
1.2618589677432,1.5633180510391707,0.6427340401385953,0.40703594515533653
0.703870001334385,0.3635114697599231,1.6851212746351496,0.459633537424608
0.204329328862158,1.5402693518476853,1.3310309785139565,0.3953896287050911
1.3569658474252095,1.0000340204573421,0.42782163095264436,0.3925556105463525
1.6445895930918932,1.2771137873748466,0.8748124156627007,0.49026346119100045
0.5754830973833156,0.4839064186443575,0.6602731003648514,0.39142327131394583
1.435813665344109,1.0229557809760967,1.3045385769888855,0.29794400655928754
0.6089551225140051,0.539555216908499,1.2374569980143064,0.24966950345325212
1.2502278886543177,1.0807489852348358,0.9359566357155223,0.29431099189958926
1.3755656796922526,0.9823776694497427,1.5917602091168828,0.44025987093769964
1.0942766497196286,1.237157564855565,0.31917289406521543,0.014203824459844638
1.5723798972429972,1.5156161748191204,1.1586838140408475,0.3493839341658244
0.7954219059774704,1.3318536080210732,1.6800639638952053,0.24627082880916135
0.9676854909242397,1.5402030344735367,0.6339745111171057,0.1394431490741861
1.2649061970610573,1.408747578380521,0.628718373708909,0.4878377101204964
1.5063905363307384,0.6732959253373186,0.7227796452182792,0.3622978199777786
0.22380144359812415,1.6829599202505914,0.4096795335413528,0.007477342061024239
1.792746234581848,1.697761657568972,1.3957497720165883,0.304321107723371
1.331162899809696,1.3261993900021638,0.7430195311089672,0.005509623199809244
1.7856708983644927,0.3478930549661339,1.3232895549324257,0.23339758875238625
0.8581196624363885,0.2537183637122735,0.9458446246828446,0.3246069931413564
0.9934709970299471,0.39921122047608126,1.0863812276086313,0.08435404398210467
1.762975059548857,1.5693060504087084,1.3819089061630498,0.09123741567905486
1.7310814125576122,0.3449883351693367,0.5959549690956913,0.19918506598083563
1.7318150404807717,1.315452993188011,1.6094914630020993,0.3288407853213283
1.6320399551358824,0.8401130917668699,0.34446304655627047,0.378320566024421
1.4334954271368383,1.6184097011111997,0.8899784592260371,0.1712488882099849
0.9682213390677091,0.3388755131495303,0.7101263415341972,0.4496425873922018
0.5360265188666142,0.6414427747207871,0.9787121624419969,0.4278303567255788
0.39026545218975706,1.3053932692931949,0.3799758150350223,0.09933535837266705
0.28699245107180266,1.5246149302406227,0.9676243694472408,0.36156574514229006
1.325933837310544,1.7446355275771503,0.9046981843734502,0.026817895699739913
1.0105505369145642,0.8684684708228186,0.42589406842405936,0.4840497435361654
0.2820674353098686,1.4127402120672112,0.9933875711911877,0.3664420994973335
0.6464128124393426,0.8604102565357851,1.0853344599316332,0.18629539962152136
1.720922653021891,1.4851377575718618,0.8093001410866727,0.3939748708386466
1.4444958999973423,1.643329173034766,1.6498432123057274,0.26116611497415326
0.6716922480589145,1.7783671431522914,0.24908791615697096,0.13190379057759366
0.6553010140305449,0.4106918081975248,0.6158621355266214,0.4643161436287266
1.5921735694672208,1.4301125098036627,0.4450366215711644,0.18645189473104845
0.8695407931984642,0.7924984506754781,1.064653360202216,0.3384552365210613
0.3568102961966332,0.8177027477433754,0.28853130438738195,0.24854492076848556
1.2826163783619668,0.49942205235855536,0.5240122251534105,0.20998716043381538
0.39029448808352196,0.9348226151496926,0.21912569472505078,0.22173116736383436
1.2548996930265577,0.66381064540216,0.8876448535163485,0.4044951724683603
0.7096881320566314,0.8440848140454023,1.2132657870553616,0.46365830323806123
1.4399793472606148,1.2558395323570812,1.4273856008811647,0.14600423081101926
0.8188147748321655,1.3256855417795328,0.39998600875618084,0.1018499330582639
1.0479765079447452,1.6751874304965462,0.5744358298303807,0.03827781564684152
0.9470554927367092,0.7776710302595997,1.1872805657357988,0.002511479317901466
1.155500725852002,1.2309980435133954,1.1720927702807526,0.4466593139264677
1.09857655443914,0.7405632790011856,0.6481517812326403,0.3324373776855912
1.4779901182655855,0.5900333396963372,1.140483045602447,0.07619481830424113
1.208745074008895,0.9510605862756181,1.4683606937689584,0.3696024233393129
0.2629181124754348,1.3030063480718748,0.4249181110298037,0.03101201888143923
0.8379555633113158,0.6425090747283666,0.6743865578259332,0.20628832227813065
0.4812014975172905,1.4937111103228766,0.48447487526019567,0.18940218984364066
0.7419407140374329,1.1297297021043529,1.1899636902309396,0.06479496875994212
1.3244219842411817,0.5273262982338367,1.4529208361138382,0.471820187414916
1.1013767733071762,0.28279694148099244,0.7032042712195187,0.36508011538621277
1.3814491114393177,1.3629506204504493,0.5734647582810906,0.2435188698025435
1.0964473981134295,0.5433974951217454,1.2005088212454398,0.13353919902575861
0.7294143642992307,0.7398244615086721,1.5312500627269636,0.26296183325521355
1.38385182707436,1.5627893821517571,1.197502165145672,0.19319271865715404
1.7965115966698337,1.3099819790137999,0.49515213519463186,0.09840152627291565
0.8873305978867293,1.312324217663682,1.6912669024877462,0.4312801092998994
1.3782453552255205,1.073973823560212,1.630620159098459,0.1307802545594573
0.7642968569432399,1.0113497165798946,0.6850665505438419,0.41593917722824014
1.5671895764196113,0.9400523146022562,1.071982058512775,0.4694425253634077
1.1672633598781132,0.8330108067960185,1.39353703843995,0.22234855439470946
1.3320284359307455,0.7195542226324164,1.5480475957889661,0.19371065583101882
1.7567719595055438,0.7030521797282049,0.7305018855769904,0.03966734879217665
1.4843542664143425,0.9477706349350328,1.4226435108057325,0.2789422286806823
0.8800795383478934,0.3331822267335839,0.7205902203692945,0.04973174238074235
1.7887777034353567,0.5095941273081305,1.0836165935065272,0.06104731990673379
0.6700712349389091,1.631502594581672,1.2454838794110996,0.21098429641392713
0.849786309428009,1.7335515894860374,0.8104320124642959,0.19917774061532983
1.7627578682309017,1.549671189814702,1.572860236941967,0.44818961575163374
1.4909073735920781,1.469961036651354,0.871936778162766,0.1594645838780917
1.7677481664004266,0.6731785112047761,0.8242920955171604,0.06023464036474546
0.7387021698437911,1.359999274895384,1.467022858583619,0.1393850226594704
1.5899456398311822,0.23000456238469885,0.3602691808924475,0.11697418495800288
0.8048299935228476,0.8662126211021361,1.7186046250057712,0.04393891715060638
1.275929741274965,0.5099690611311738,0.7328524262609845,0.3687828006233864
0.736058040897765,1.0749053010255307,0.7198530490304946,0.28350015382260235
1.4055336233239257,1.268408383236014,1.0997326465546562,0.1940892008575531
0.8813493049954847,1.7116801535969912,1.2815081073225711,0.3400530898088574
0.39759913862619756,0.2434933463189141,1.5065328970360437,0.4545137465979366
0.6817916205244181,1.3756568347313536,1.6262372110601524,0.3037645194613385
0.2823123011626746,0.4368557851031541,1.7055556556189932,0.452373936227155
1.6375774097969518,0.28593151609832784,1.0661130300962633,0.09176694430774818
0.42877448364408133,1.0383494443181884,0.9006323111903163,0.3319051448138012
1.6913838070020062,0.4269871283726091,1.4294116305826643,0.08386062312849152
0.7989878288160593,0.9541693196380526,1.5266247546762495,0.274405410577729
1.21553881627327,0.26504752554910344,1.1221373109684822,0.05637490642027754
1.1418060007409572,0.36701533615785653,0.30871204349776254,0.101898311237344
1.2270703586905771,1.1431468081670466,1.4316619480790387,0.35525415787222475
1.5887172839035322,1.600405092269242,0.38747501187060285,0.21961942892960729
0.8383744198594666,1.73338410270321,0.6763918703863195,0.4711575890615452
0.9877089668234358,1.1143958943717565,0.9119005350515892,0.38995916201022623
1.083843426033638,0.6414038235097084,0.929063322085114,0.4757421919528761
1.2029664147972048,0.32109158419378575,0.6126160668785721,0.024865788887011187
0.9602457451561224,1.7648721340611826,1.6449282060254269,0.3355456307164042
1.7980039151742788,0.8340777136607477,1.6911553863405755,0.18316422695476908
1.4268267107846584,0.24217767233066775,0.5472680970449137,0.4850521390997997
0.8128715354291831,0.3705301013647865,1.6728982826362746,0.08962983591382806
1.3832049481657784,0.5644752793654528,0.8168285920314217,0.14290217058794086
1.7548744928328333,0.564145206905247,1.6902731520298293,0.40274422590912373
0.6286354698029728,1.597557272595224,1.023351489986736,0.1313855302108622
1.0124271266928644,1.400663211106833,1.254687204833774,0.04127759449661467
1.404196431418752,1.488539970473879,1.5798582359146482,0.17145835108206803
0.6610334352733632,0.22984461837052428,0.5749794513921331,0.3699082878253663
0.7669754599222287,0.5478027976816278,1.367475912343671,0.39135276549314923
1.1548385637340801,0.940576369464124,0.9087712000659302,0.2576962441150712
0.6396015346399395,0.7650519490525528,1.3892884794391613,0.19703730458807228
0.9328919978067519,0.7855389355508547,0.26467415952504375,0.4291673937181228
0.7384977030892415,1.6595748558864096,1.3928923226296772,0.05890601810660995
0.48369098052295684,0.34985570966507773,0.23693465947252074,0.434146497462093
1.3709879702121668,1.5704443652504139,0.9210502500351188,0.3896400982142661
0.42021398248736064,1.6232588334694806,1.4390679485802436,0.022934689870743596
0.38264969579255187,1.106390166661409,1.390522818792951,0.4242304664970728
1.08406664310299,0.5350171173755911,0.4492140243301236,0.04290064782642872
1.3885968753715843,1.0241042869660266,1.1354009153336682,0.4477442345886142
1.5509195625635472,1.050621526696256,1.2528252843762644,0.3411375028729313
0.39295217748345956,1.1660257885690097,1.0506582538465536,0.4212317493620553
