0.8847540003424996,1.3096278389624194,0.7762653368885851,0.08091586182559898
0.7948194484831655,0.7793050733257663,0.7329425828833234,0.1468543835868815
0.9219285022473561,0.7758364804192365,1.0708597773316764,0.06684705155348583
0.7015649029904115,1.2270087513705898,0.7636263520397204,0.1846584851420748
0.7518506403158237,1.007852111143459,0.9537463523160845,0.026976242732731495
0.7321875148770971,0.9034423535775274,0.9746311928138998,0.19771574599481423
0.7850240959992016,0.8395513276318107,0.7275000194913138,0.14892442483373283
0.702498588918917,1.0634059377341742,0.8299185819014131,0.06557263215739424
0.8803368749020701,1.2491257645671272,0.7560453357154642,0.17910149148515261
0.6942435798010691,0.9864169902843538,1.1698405702629266,0.16686240202588462
1.0489793813057067,0.8978707244300914,1.0975954749449839,0.026526295232035247
0.7728137174352417,0.6956761873351524,0.7324448716462992,0.05192342343134857
1.2880243683134733,0.8022797451423875,1.1914009518988156,0.009206894312979231
0.7397055898337538,1.1691077700660912,0.8885968928836407,0.09495703149114748
1.0514997663940022,1.120338188308029,1.1315016608570205,0.12847831351820763
1.2001528345418273,0.8649897707840328,1.310798968864259,0.051350350166723915
1.113637394160738,1.2893799399854178,0.8135165628094772,0.0724421118179586
0.9518266325062464,1.275636665416099,1.2097977032312501,0.10810332740703923
0.8066329608815143,1.1069762618624441,0.8707468310544054,0.15116144076807791
1.0823734678034487,1.1487437745227977,0.8745229687529693,0.03808891291779353
0.9555204330684945,0.9601464969710446,1.0829403829068165,0.03785163374074303
0.755494784733918,1.1898554650772406,1.2583749208909214,0.020037542268107323
0.851594348151605,1.3176229538012019,0.8540398314272754,0.19490228645487606
1.2702794563829587,0.7484863371299821,1.1624920750494647,0.07674555985298458
1.276372483301221,1.0054035619873585,1.1979855608322025,0.0037241282112359555
0.964410873562235,1.1694783065021814,1.091801607020828,0.19757115622532306
0.7313291537827582,0.8882550881555551,1.0195763694710775,0.05512701426222275
1.1177569072822027,1.0666872125555176,1.1253476303116394,0.018282615712298833
1.1987973359088027,1.1178228092751525,1.1170834270474188,0.17910557687760567
0.9644200954589897,0.7901294012402281,0.9970031950032103,0.11695708743118814
1.0005941394696845,0.8115286330933045,0.7043238583180446,0.050189619379510324
0.7090168827509046,1.0220781214649373,0.7458842299039071,0.023068780660714296
1.2833384982734293,0.9626163448897307,1.2258674364217241,0.18264021539139166
1.1963451800605567,0.9881125337786065,0.9543079546577204,0.0990987106331595
1.1476620436140201,1.2706965020443541,0.8552869383985143,0.13920803948611718
1.068341506474641,1.2007676249297594,1.3032885748130307,0.10580882821207803
0.6995331353590863,0.9532604548549796,0.7134732744825548,0.02125221403261253
1.270511099118523,0.7187074442725707,1.1407742344148832,0.023702251820463396
1.065294387481533,0.9987629091606915,1.1518908359015025,0.1414248068812932
0.900854819394669,0.7537751720129783,1.1513318940088573,0.05305915722091159
0.708526527347052,1.2775636772933507,0.8808302788450286,0.06452228744878082
0.6941205005875846,1.1767005023369321,0.6882641334753575,0.11421576797052169
1.277450819990781,1.242052189666912,1.0151744744613276,0.10721330943123866
0.9843004143427048,1.1221083808906165,1.157148801975802,0.11798440409605615
1.180436691764406,1.0104766168274266,1.3082701581369878,0.18443410229479645
0.7760523391116387,0.8959977485310672,1.2576882165175016,0.05126839031709865
1.2558442921033013,1.3019426713579518,0.8130861568639597,0.058217279841910635
1.2017520037894553,0.9839848131966547,0.9753739833429187,0.08852428424559033
0.7022860456039126,0.8619623632351496,1.0943177336591936,0.11483893639647061
0.8470313503393424,1.186025468916287,1.189633079622018,0.0037814298341258823
0.8153053553533728,0.8070880468076294,1.0812657773271552,0.13632448411603146
1.1245689626942048,1.1794994935824301,1.1176471708243028,0.07139740066475923
0.9053433962436365,0.9883892981983861,1.2917145473398408,0.06021553085352269
1.0178113487615448,0.7279646065424548,0.6916241628358083,0.045433202011722566
0.6919448761221743,1.0361600735430918,0.9135298258604283,0.047487807828748535
0.7615589054552588,1.3013551454540249,1.1424838147848533,0.018104286644692814
1.1147325773233276,1.0574940867372116,0.9695055108278653,0.19884448681301792
0.6956120526144921,1.2278556466073713,0.9563120049297142,0.14609883562395945
0.7856330295762602,0.8087399012791721,0.7382541784465603,0.040612467543641007
0.7822264770918735,0.8398075346868513,1.277791983745061,0.02560235705009615
0.7973171807960413,1.1659987602181416,0.7061500432234192,0.005112013849612996
0.75156418419951,1.2617364452798303,1.222066800426647,0.0944245410711083
1.123615300316623,1.026950489459866,0.9891805292295961,0.1855237628685776
1.232877929944105,1.1540733215670655,0.7316876852311841,0.025321231381498555
0.8987745644480848,0.7612253363577951,0.7775678831860673,0.02550730813351476
0.846310850714644,0.7165529180635202,0.7618930908540634,0.15058281578563332
0.8917191072842435,0.9921639668445006,1.0540096969243382,0.17168831059141243
1.1600808624582992,0.805086290044054,0.9625210235109419,0.06965839228110393
0.8453706799783137,1.2326866970551484,0.8218627021948414,0.06978938548575135
1.2967751209321934,0.8057552258539872,1.2666311700450708,0.10915890010016789
1.1620212272921195,1.123737786387598,0.7082724580856443,0.19154146352082618
0.8444175533080954,1.1599235580561071,0.8813436895791873,0.04617974204330624
0.7619120171258036,0.9717134721627467,1.2174281419462927,0.041337570106785564
0.9577283896526207,1.151942839719759,1.3118376094438404,0.19642215707551375
0.7628054342123298,0.899858052008297,1.184371658425122,0.11811612368593256
1.200696975555981,0.7670087403873078,1.2754199032293252,0.1497509392709821
1.0243833461809604,0.9885229841778553,0.80501317909978,0.022953755003036536
0.8816882372249705,1.3186030911857332,1.2932141170500535,0.045409958025918386
0.7909524803963173,1.0326386149695608,0.9589187178679175,0.019379956771195306
1.1249524924958063,0.9449005340528598,1.0260990547137647,0.0034457821269453072
1.1067061083465803,1.0020069228328345,1.2253030121140802,0.0629658369786905
1.1453929633863664,0.6909586825801959,1.081141874584448,0.009797595458019948
0.935871241833852,0.96367074518637,0.8758328621727999,0.10206328420035259
1.0043875374205742,1.3113610418749444,1.1222969465421015,0.14418082732848345
0.780556969995955,0.845871191902673,1.1818392202858958,0.18630162762588467
0.8058418519266826,0.7330363735222742,1.0443638267248363,0.1783900812194478
0.7749262584774768,1.249441700599924,0.9233746505639009,0.04697228317405038
1.0579817780665453,1.0682918528838525,1.2403645589719487,0.14440125852561217
1.2161456363933558,0.7496213471946926,1.1454745526510421,0.1254874597305188
1.2740528770050408,1.1585009201461307,0.9939386872044833,0.03384291565349542
0.8332325783975401,1.1353179740186512,0.7640474943526991,0.09891035399490403
0.8350377608749882,0.6912160284434965,0.7827949420241409,0.1521161263826786
1.127409190708839,0.7117178234166638,0.8552957337902581,0.01830450294155279
0.8930409253964013,1.2986263245132847,0.7710379967121531,0.009243761944351725
1.2536079410106917,0.9269068031751296,0.7725577390626814,0.1676736604045274
0.9473474028600706,1.2757341260544357,1.3086794311333012,0.16344542293188466
1.05742771513328,1.0269469820929926,1.01506207214591,0.0608796221575062
0.7060852978173313,1.093220220686275,0.7111653176166497,0.17545354127018623
1.0296239794591695,0.8540549390967702,0.9223437635204266,0.11024281872687057
0.8301846324405429,1.2061589294582153,0.7567180668468658,0.0768840244091646
1.0872028156054514,1.0552355915785874,1.2908273780413242,0.09871224209473917
0.7670007338911213,1.2161068483673487,0.7677613841283781,0.11471596013214441
1.1481876631780863,0.8834451905910983,0.7009495608550619,0.06332229773195845
0.9427072313392159,0.7611721982769674,0.9467414551704652,0.025041309196200557
1.1531500759418774,0.8384116183083015,0.6961646677790815,0.07540476421479257
1.178907884176259,0.9097047819587264,0.8052857677121099,0.014030321783112587
0.7404801305602384,1.3136567676928013,1.0855573188719507,0.12309531614890255
0.8199660075651088,0.9415587082331418,1.0487210591184657,0.12271779223584506
0.7606605232796482,1.0043551606135845,0.7473071105611353,0.10283225004331438
0.6904145349912747,0.729595956815107,1.0460796398082537,0.04788627409630364
1.2655937510471946,0.9835583520301581,0.7536737997652742,0.12388227732010984
1.0387264845606006,0.869376651534004,0.8406532162607147,0.1490870330402649
1.1783647855785786,0.8819462460821021,0.8021899742119455,0.07908418922779746
1.0056938517951668,0.8341398014417258,1.1123574431532748,0.051375794234014796
1.2063562685104683,1.1771977106348128,1.2194721125014645,0.07967660513702446
0.7030460830586247,1.1438832594051753,1.1740216158815815,0.16896697897613788
1.067564344922173,1.0892446510148626,0.9675493333791673,0.002449640137630316
0.7226017940617797,0.7974298315114189,1.269649200985258,0.03761681572592277
1.306343020205742,1.2422228721473243,1.1040306187254796,0.11814880094012162
1.2498625498274307,0.7362512084752526,0.6891762960953336,0.049033616549308025
1.3085853253906898,0.7156010958101575,1.0355088147948837,0.10983638908945284
0.8812537596903466,1.2869686218870995,1.2250157229993843,0.05321476093792117
0.8252783856845627,1.1996358843720634,0.8223652176459278,0.0032070341775725765
1.0185001243002345,0.7197180305879036,0.9320090531490168,0.028563664236715015
1.2626338573234666,0.7222569506860359,0.8843967956217438,0.08063237698164427
0.8429869731681203,1.174028237553733,1.1307945331378326,0.04738594861323473
0.8842170451455675,1.1305777069314389,0.9798611945578082,0.11590616577904725
0.8714335815907548,1.3096468600491444,0.9445855031410476,0.1398451809692406
0.9256927917193757,1.0298288438730299,0.8229886619194373,0.005590480226749506
1.050297295918329,0.9203354169302963,1.1487662388872781,0.017123146857620865
0.8066912714830999,1.0424082632790865,1.2437346045680955,0.17446359525974742
0.9475899108707959,0.9404491909286039,1.0271613500901928,0.04068175193192967
0.6930194522542841,0.9305942238017937,1.1852490794581914,0.03946745596142714
1.1477415027684608,0.8705715578343018,1.1070467804743438,0.16042042837627435
1.0296053513938876,1.1902500863828147,1.054574008079236,0.04417218893120092
0.8303056685715788,1.313258450971944,0.6935799670403153,0.11218086572049475
1.0740537369149552,1.0154564367610635,0.9311859994747789,0.12319233830536391
0.9476155104786104,1.007574110625057,0.7577115542801225,0.019774865772483108
0.8518115652072329,1.0879093049257493,0.8771235803508568,0.0424452573219398
1.1006746004355203,1.1945871255182117,1.1274226739510986,0.13191508743397734
0.7277664429761482,1.1427904169912857,0.925525043420028,0.11299594479562187
1.3178290060214959,0.8485952423471138,0.8520037231577852,0.011119126556540083
1.2265041853711474,1.237418112352703,0.7499679429073742,0.14065950296045635
0.7025085232913443,1.2181101207657785,0.6958490762252924,0.11323781108260378
1.0648939107220938,0.8032682206303259,1.223429274727925,0.09345267371075641
1.318850197305597,1.0705357947823426,1.1165187033146058,0.05963987275220888
0.8411468398286924,0.6978446941470275,1.271904730393559,0.18900636704423698
0.8914387230721206,0.6925418403615486,0.941567127931677,0.07315993453203955
0.8140528058285941,1.2167847980241506,0.9662045582824135,0.10999112231153517
1.1514597903811512,0.7398275219089346,1.2251108684066903,0.14343834445765805
1.0212072953705413,1.1567416179868815,1.3066237703016468,0.09081179470273376
1.2573772820932079,1.2459701853032712,0.9902579859158889,0.11608848021230139
0.9042743616316656,1.2589238485813072,1.2565810831864157,0.07014279277706395
0.7394368029799111,1.1831706516877187,0.8965693372054693,0.1602708681072556
1.310672991218739,0.769179363857783,0.8427015831502587,0.0020350344629958884
1.1261750641394666,0.7592270293547425,0.7081031907729165,0.09210689606689144
1.0425392297819567,0.7968517392326546,0.9090688962115047,0.08094814034633427
0.8198418387129698,0.7742260885076739,0.7979204443069515,0.11267271648780622
1.1713645328528992,1.0347749224777494,1.119399257127636,0.1466138944147596
0.6873217115997932,1.25630192026385,0.7493979135956783,0.16508218242852346
0.7847706461717744,0.826007492752244,0.9609022290304656,0.13349944777890294
0.7312995871005356,0.7812095233496618,1.2511112075566797,0.15499691491968273
1.0568963212879081,0.7838410398659169,0.6819467825177824,0.10382885870197818
1.0336117287606414,1.2602685546489052,1.1690032090508797,0.16134409694430463
0.7148201847496114,0.88831743250732,0.742961000016307,0.1236829310844362
0.8302525047554471,0.8322560246464519,1.096071958930456,0.061301218261577306
1.0549899128523859,0.8510995173299412,0.8240292724083426,0.15918533662423318
1.1892021250097446,1.1641994410156733,1.18398427090273,0.03578296354753481
0.8422434051059466,0.8205848574449681,0.6867000798269863,0.015100357483670158
0.8404313300438075,0.929111585162693,0.7161466017625036,0.023594020600948597
1.0267594647121308,0.7678091402480305,1.0619656450598938,0.13502148690718893
0.8339917982076381,1.151296576550178,1.0808597962685704,0.02236674405112811
0.9626022399460703,0.982066794916097,0.9475906381738228,0.07718951368241178
0.7080762411780398,0.8290307632679484,0.7420407717662834,0.13803721565868973
1.015280297037921,1.2463900969190955,1.2859704054509882,0.10500723058681385
0.8535980712008996,1.3073598434710934,0.7968548535695685,0.11712477604814762
0.8809303909414534,1.108847697440853,1.1250823587287724,0.18980736683037455
1.3071478309457798,0.7009794085851897,1.3046534390232614,0.11022751230036683
1.265324312309668,1.0917623300362862,1.1379141889646174,0.07556896252419587
0.7139928831370156,1.288843840462487,0.8320762316369391,0.1571367914699583
1.2958139489907756,1.2941395712927763,0.8392225029416989,0.05255553774428139
1.2267265185558571,0.8291668438489427,0.7921388730991029,0.006670581818073895
1.2049649220614085,1.0545623715937469,0.8707556956001454,0.09041380918509241
0.9642843572494495,1.1971756396741264,0.8228660930534726,0.186502133292053
1.1822856109010682,0.9829619914017617,0.7479255504109665,0.11425683133989845
1.0444552065120583,0.8930232111078675,1.3039871780435017,0.16765829102743618
1.0827320967007912,0.9604750647108623,1.2230738576794908,0.1343578276190342
0.9563749504063248,1.2077547811823037,1.0122265442746663,0.024586553152309534
0.9272273996499948,1.0764351970101516,0.9204268463301171,0.19572816061018788
0.9629144066606736,1.2640998325060337,1.0795259479278279,0.10683927298078462
1.2654561942202083,1.3114576844272285,0.8926663627184371,0.05641845972807507
0.8063315863489008,0.8044918221230835,0.9488999974856791,0.08406311186795404
0.8230702838478912,0.8717225209002578,0.9956143892860447,0.16095763769898677
0.6988518304364695,0.9802755984321614,0.7050235761498496,0.06806491633332648
1.0250150828873554,0.9001545806755751,0.9412427425813631,0.02655453730450108
1.126706708623307,1.1264482975496142,1.1636329598807993,0.11793372091927337
1.2945562104277761,1.1520218948466148,1.2667972068636628,0.10571987809650751
0.6854200189568787,1.1022211959020496,1.214732454835289,0.12037814127619928
0.8169010221158737,1.0337374676225322,1.0760997213208958,0.024333640168726058
0.8369263965673568,1.131822254420394,1.247571640399509,0.08518498823765995
1.037556240818532,0.7779500547487631,1.1700224171261486,0.08836347893323673
1.3055650200794129,0.9045151090655219,1.0111605954278529,0.10237581017438793
0.8965284370841797,1.020688913664277,0.9939647392339995,0.14858280716418357
1.0046180540138518,1.0426441071572974,1.1723557923264274,0.17395455123528963
1.3083480319240766,0.8135812984577728,1.2949630960741523,0.17837293808630142
1.0012305881582724,0.9041267295652492,0.9435385102239247,0.0944582750082744
1.2843539831102755,1.1883365094261977,0.8075086942955587,0.17976034825381637
1.1537180166152752,0.9479919958806373,0.793503727114294,0.04593996265783245
0.8359736871346478,0.9503136454691121,0.8478088704157549,0.05924537483030781
0.8915192818900652,1.2551358613453742,1.1747720620021884,0.08001815327471905
1.1604988757221508,1.230877217044691,1.3196695275661283,0.01660296517004971
1.0719350011790358,1.2960214397566463,0.778069938331472,0.0026409135604211764
1.1158783464445132,0.9661310062959428,0.7223936262077915,0.014657094814780836
1.0789325851279803,0.7531248976175233,0.8227927153764307,0.10675381667850525
1.200743013505266,0.9963629099762481,1.0236958126922462,0.050874047199458476
1.039653037066635,0.8376774116690731,1.3089084868128933,0.09101546946535118
0.708385496308605,1.0474444696849112,0.9530505003271066,0.13818171632303364
0.8255449817222438,1.2027046810713609,0.9008366682342162,0.15083455859862624
0.9924535201518085,0.6873185701920076,0.9537555031996293,0.03336772250473874
1.081061455192056,1.0202131790598394,0.8871808111011458,0.12699333979642616
0.844856239639052,1.0116069912622088,0.9414728873531086,0.1368518859836957
0.8870964418181791,0.9271878730725069,0.7288984332980059,0.004613581314374548
0.9691931864019088,1.2627342079416914,0.9656843599223242,0.12720472530345273
0.7995845405884732,1.2797799615724847,1.0858201309248972,0.03577347339291703
1.1492287994347157,1.1664455076427014,1.2328809073296332,0.17832022666658295
0.7925870662035494,1.1497303427227858,0.7214138790487468,0.1674139181011272
1.26162702066125,1.2016903687500022,0.9859408524816489,0.054125272151169385
0.960665531193083,0.9406356100251875,0.7097034094427259,0.12191039756252625
0.8340526792589211,0.6986266470551369,0.7886962860102833,0.17888264040867052
1.2688397358762922,1.1307442968908712,0.7562554366234985,0.13564723815464455
1.0006707703620839,1.1018448979179314,1.1770928019713118,0.13488529504457522
0.8161988821767465,0.9900252857433461,1.0263306691459355,0.1309462418706761
1.313843132278143,1.2518199674215822,1.3124842266178598,0.12851035221296034
1.2367449765149385,0.7264136743448079,0.8897265966557457,0.08673974062629673
0.9270391255424797,1.1468997240208483,1.0671177816096777,0.14154858503814438
1.2472705518342322,1.1821415071549468,1.0304134727446081,0.01896574928289989
1.1452307944135998,1.1861245457548895,0.8923782761251752,0.02459393701821404
0.8594780709314985,0.7885361759108889,0.9394726200232069,0.07177940606685969
1.0740060904814217,1.164435188300971,0.9122269766008517,0.0454494447636187
1.0724988395758184,1.0475987257105008,1.045391986763501,0.18842715909319863
0.9328339141802287,0.7513616770421611,0.9506973530042456,0.1380044775428869
1.138704716199081,1.217031917575591,1.0211356164640681,0.021038285561843107
0.8268724372693401,1.2387669062004236,1.0345336053534382,0.1699273339794731
1.135850388517628,0.7292885719540092,1.1793023662115736,0.11421855366289874
0.9187660132485675,1.2820394813335678,1.3073275249847822,0.07309142953018402
1.1112715527159274,1.1693726583264243,0.7737914813508506,0.07671481939687715
0.9043220986620949,1.2881273306285506,0.7862189697682417,0.13630253993635463
1.3142862192818803,1.0919544126630907,1.2438242013016545,0.10977578102287935
1.0668406838640163,1.1628074288184913,0.9405331500612065,0.12145790441323062
0.8351333037981918,0.9498378216035708,0.9103475806392177,0.028375909820060732
0.7928146629784459,0.762861805187768,1.059863112194136,0.02078778994373556
1.0661936805785976,1.0753280275115957,0.774895581749185,0.18859065038121792
0.7045091451536719,1.1137755408558345,0.9321141761820784,0.03204952249412212
1.3012302940879987,0.8721018740243157,0.9323242696202455,0.023588795528163578
1.073847415703039,1.2867485956519096,0.7805443901591667,0.07526560737511852
0.901549513000435,0.7625125170920943,0.8862889820130249,0.12680153754430742
0.8867864034900304,1.1462861680213217,0.9709540609858024,0.09731840053045332
1.1244620850472062,1.021002467364764,1.2470806801824712,0.16925738120798597
1.2165016167630172,0.7962718377075331,0.6897741811576532,0.00839648906347823
1.0434961928789719,0.9662196088974104,0.9773150001299906,0.19269876497943922
0.9460180494165825,0.8489213492192881,1.0857506557776548,0.13939455266946943
1.297653693511033,1.1669871677706576,1.1026431144749358,0.026514372105738638
1.306865091005136,1.260219396499851,0.8180393466147463,0.19833515713282818
0.8382514988118449,1.1458141201494543,1.2285139009264794,0.06888780707985398
0.8844761318855502,1.2232369928056424,0.7659109526626415,0.15494866682797837
0.789505800138881,0.8999325068413326,1.0773408270704081,0.11988609051171967
1.2691111710774927,1.0618253811371923,1.1005298725366333,0.0019402326936054815
1.2690119196750458,1.1195542111944272,0.9314510950879752,0.11085285185405676
0.9915426743194129,1.2432755386354555,1.2504801231132032,0.18105988374489512
1.1269512396394048,1.1449241528391643,1.1253890476036585,0.07531957025089736
0.7241303605262763,1.2504507414316908,1.3061067743851125,0.10786415453035764
0.6804145633039235,0.8838834631713532,0.6874381081843688,0.0050991240359077985
0.7324707761460784,0.9854274502635579,1.253713118456971,0.13800762349703233
1.245390347139217,0.6830624121203072,1.2097045473330614,0.08490817376513755
1.2764366562508642,1.1997654681543217,0.7848140250487332,0.06581295531724328
1.1262671771802941,0.8002583786132159,1.0741365492259356,0.040811997020494255
0.7089194720710023,1.1302847643361273,1.1765864052231747,0.19013332189147492
1.0644943725374323,1.1408936216389103,0.7307916533593881,0.07487056894721773
0.9586979617895753,1.0357593415681041,0.7498801734049452,0.12843573664325356
1.1341181199494512,0.7287025727186806,0.8324800415038544,0.13274448901052296
1.0678581965653766,1.2449382976580599,0.9310277691832479,0.09664402439938635
0.9658760308955308,1.026858283908272,1.2286956611725555,0.08963807917572596
1.1561690688197177,0.7064791617318751,1.19530396031457,0.1435285468678977
1.3097656068214607,1.294398183200165,1.0766153168443804,0.1076483900174845
0.9602229170791272,1.0698741565107623,1.2356396435615211,0.195988015276361
1.2991694395876956,0.7318363210949778,0.7560379158717162,0.172998445072365
0.9738989152572337,1.2860197496179948,1.1422352710221295,0.14973041513176213
1.261575619848784,0.7134733909391042,0.8916394992856822,0.08304308345145653
1.1849685381353359,0.8061606413094479,0.776341699889794,0.17134839893459497
1.3081391604673192,1.0760312230800646,1.0442990475920326,0.09005720743270365
0.986657130270047,1.120431228694571,0.7269603965049635,0.0895965748186899
1.1049554546491418,0.8371220190168689,0.8066677073442079,0.19725274309286356
1.2916672018548159,0.9741274646690644,1.1072020918041114,0.105620688858809
0.7455580925817004,0.9881419795893229,1.2563326031495172,0.18710114100196795
0.8468839751445627,0.9411053954191473,0.8447039214550272,0.004578748742425654
0.7729413305489418,0.7883506466024859,1.1439194127252672,0.12040695088699044
0.8527060358042402,0.954200772799591,0.927962007104596,0.1259405720101084
1.148467159447724,1.1324250144635544,1.227074104237635,0.1370486215577734
0.7752394545085239,0.8844900612472243,0.7788194679403616,0.09423326407407187
0.8196095799599015,0.798065639875008,1.1006907264628731,0.10534544510236593
1.312057941515337,0.7451292451515593,1.0426230360347517,0.15460663901053492
1.0480247903106603,0.8163948549248246,0.7242251338213237,0.1416968598048306
0.7438446769590484,1.1793194626093055,1.302396645846636,0.1789105061576456
1.1232464780741598,0.7218288393750995,1.0050319822691893,0.10908265194206253
1.244695749645249,1.104202242558593,1.0301066832935204,0.06267333695385016
0.7392977090313508,0.8850444258309615,1.1947136845657695,0.11659920614488602
1.1464630107043703,0.8292533715957853,0.7734830451181277,0.12233520673798366
0.9466556472751104,1.2873427683316763,0.9715771800517273,0.1346406408912523
1.193720694606227,0.8110399426582802,1.150213769652665,0.11444248599240717
1.2903123175427997,0.9944266823635031,0.7838527222952139,0.012787274146708395
1.120868006608459,1.1797048403599302,0.8380710352272931,0.16120044418609517
1.2418672128495452,1.1962033962925493,1.2513312494360758,0.08021203921095886
0.8123916643525796,0.9648292438664382,1.0427442971057008,0.009926957623650834
0.9229409913936909,1.1466368022755151,0.824345505063359,0.18802290360594037
0.8029706171894784,0.7896107933599001,1.1527280708538132,0.04058933192233438
0.8793081233192453,0.8593842910141605,0.9725006199524806,0.09160096063826213
1.1348388810507408,0.7872831366428211,0.9946898261289498,0.0076558884567335065
1.0671589065049407,1.1013986834062226,1.1851955890077672,0.07628808122240172
0.8923494734831594,1.286100518487757,1.2278556115794146,0.1528567144209484
1.023132184848224,1.2102120224897406,1.2267348435090268,0.026452780778802955
1.1344719599079518,1.0297048558230286,0.9529021951819041,0.16862335326242467
1.2523333409853106,0.9257434198745818,1.1966309712755312,0.017278522606179104
0.6964959270882145,1.0786454871275943,1.0587646241235498,0.1990393436054287
0.760393417076006,0.9793927395972988,1.2730145825187675,0.18818560651664676
0.7230860032851041,1.204532683330273,1.2632157221744356,0.14822851391472072
1.2637640321386256,0.8418091706660525,0.8562823781980748,0.1792277162715517
0.9784079804957624,0.9408240683822884,0.9239459532336276,0.05027634171900768
0.8740784535965391,1.0312769017280563,0.8727031040837844,0.14447943857776632
0.984146113566325,1.189576113365666,1.1912794782700635,0.07149310620725172
0.8258462508618478,0.9491644310327927,1.1671729681059941,0.18407005989328373
1.1020913401173742,0.7545117388759326,1.242682486226433,0.11331438821887051
1.1198595401538658,1.2515673644133272,0.6881016321117494,0.1093340869528765
0.8091200607059352,1.0400548188706153,1.166380990388717,0.1903231395604324
0.8603469997211061,0.695214426747312,1.2501973695067776,0.08550274480770235
1.056544135327142,0.8333256148318655,1.0382759110197548,0.011307113379257938
0.937024366051641,1.2388127474127049,1.2166284120854702,0.19099720425359587
0.9215870174990932,0.8492885294883765,1.088366606709398,0.09672607699967484
0.9548724585088109,0.706971774676332,0.9573873852212992,0.04418003466950893
0.7429778536859878,0.7096732055364701,1.078072355598595,0.0941435574033849
0.7647493841693629,1.139367277788267,0.7865358953683613,0.08204056789129376
0.914503640251746,1.2204454185794855,1.2048584603657788,0.07886222822082974
0.7222317351327215,0.7666823564787216,1.285972124974497,0.06055344270599494
0.9936957021927522,0.7060806975233256,1.0539474471460297,0.076826757373879
0.8401275963767363,1.233172089826632,1.0725933120767257,0.19431249691510383
1.166500508887834,1.2414916159947094,0.8708751436553009,0.07622969069155967
1.2398712010715458,1.1058081829972604,0.9843245454596152,0.06283073533507502
0.9917669729100101,0.8204306460707639,1.2721000270169625,0.1801048665563322
0.8770204863907896,0.7865862105125163,1.0266679343358156,0.026659000104516828
0.856035911775825,0.9179285837570925,1.184855533445,0.11819819434921677
0.763075967240487,0.9094295686567428,0.8961629009469256,0.11227645011039107
0.6965391695319487,1.1333703653133727,1.1541798374856147,0.023269751606370837
1.011151058133358,0.7798279887895002,0.7349868062328209,0.11878508444970395
0.918149445823487,0.956918290393854,1.2070063970986165,0.046229783004826386
0.9619061262718718,0.8928832690834311,0.9031507451251315,0.10187434122346582
1.1909464372566174,0.7924892954784037,0.9013965913118127,0.1558844810699074
1.1633990456017487,1.193453688094845,1.1575973325097835,0.03007570448577195
1.313904723872024,0.9460069021529787,1.130016763132377,0.10104026202392205
0.9101528871605352,0.9052983097032159,1.2876483641956042,0.1595918459220537
1.0160500482691621,1.2168861202048804,1.0851347190746405,0.1884482346451176
0.9723783130864234,1.1453113666375554,1.2761514921858423,0.0907879111299687
1.1036233421470687,0.8241400605683896,0.6812530135343532,0.07488402361557056
1.1779976171040543,0.9297707781278929,1.0204829789882428,0.10620046857136385
0.9874084555338458,1.2444543268184116,0.9567625995883842,0.1693737580504864
1.0123750394668085,0.9109745350905044,1.3115663475993837,0.18948764276431315
0.7437804323795159,0.871481610349069,1.2203071113863646,0.02846203288898812
1.1751771048082171,1.0724569472915972,0.800744235200188,0.17150567275917417
0.9000843143663155,1.2211122341024412,1.038203656910009,0.03245489017511447
1.2395206809392625,0.8278846586453948,1.218879199746009,0.12029881201590967
1.180989383409406,0.7977855720475308,1.0082341891438018,0.11754364558059971
0.9344944029949539,0.8560597059380641,1.2658828919825913,0.17371856830865462
0.7564853026797594,0.9549695769098729,0.8450067907821784,0.13091445004771404
0.8161588694042435,1.036319303660267,1.0575910792466545,0.015368215455935764
0.7964451025521395,1.2998797416135834,0.7246930844596257,0.07451180792895942
0.723627296081184,1.0083395590805584,0.8212929438248129,0.010666496562263107
0.99697610410616,1.1475920803020712,1.0279087210874256,0.08417644575820189
1.2561700503698783,0.81330903225671,0.76995083257306,0.006256179834497222
1.31949960095398,0.9453382577617339,0.9379017849728168,0.13632058215141668
0.7589501707377181,0.8549823570162497,1.252696927816999,0.020067856341722548
1.1284365183674416,0.7104847723510962,0.8812947249870471,0.07707799780144563
1.2228423216613271,0.7790522366627697,1.0197701763803693,0.04961265302829346
0.96696328217478,1.2267423162808022,0.6868105352718606,0.04911254788582214
1.156178855183633,1.2629635426997732,1.1275125846329153,0.1559022428369669
0.9336988464119043,0.93456850324561,0.721260005089161,0.18404334310396606
1.080247760213866,1.0552794678982127,1.1806963759266842,0.0298151231195696
0.7631048611742524,0.9925685875801225,0.7599039935909103,0.02914762484279414
0.8801945943193333,1.0929950432907212,0.9737841070732325,0.021068729047799262
1.2931489165539012,0.8744887932329992,1.128430635259484,0.14914641351029403
1.2668713046463904,0.951329160717211,1.3063509672352693,0.11656110099389841
1.123666970942153,1.0684125482173181,1.1624108210790893,0.0733942966247794
1.2629897161161316,0.7338583240301375,1.1924819240455484,0.007411611792834738
1.2985641356572948,0.6815153339497851,0.8562472206462134,0.17440635476896357
0.879573860880618,0.8797344287291877,0.9701461448172404,0.19342906657408065
1.0687644040171231,1.2982505876374353,0.8555704202118178,0.03105508301106248
0.7641867257639535,1.1461435954933696,0.9346656319305073,0.05528537841654016
0.9233265305025782,0.8469233724525967,1.1106169449621206,0.14735392033245026
0.7534163901384358,1.2699059582482408,0.862459598787701,0.07752337000010652
1.2852509405976689,1.0927462966848178,0.8570218481822791,0.03376910923717291
0.8707680910940684,1.0902541022785068,1.2871851637933043,0.026907967883479114
0.8494794508493371,0.9373384040316359,1.1516523390831606,0.10486909159992859
1.0429957779331616,1.144692537940771,0.9337483541619354,0.0853461508380973
1.1020545405174342,1.0019493468010732,1.2348726982802654,0.07449211077423794
0.7022311318127352,0.8769884865044699,0.9530079307964774,0.07627587943556591
1.0874414159773207,0.7116600419614971,0.7729934759208206,0.19516522231606892
0.8515856464242555,0.9863724781459859,1.0069024803369955,0.11046855161471286
0.8890276598649676,0.9034039693973192,1.2747484635733786,0.07490438950955076
1.2575670649908033,1.017955227129965,0.846790517278122,0.19017592938641592
0.7704406666574143,1.223890128768326,0.9949679821953017,0.1507690418616086
0.7227165034521016,0.7108878758661046,0.9408065808478132,0.09516144002852714
0.7711312635121144,1.163775494345741,0.7196410237573069,0.13751178004302897
1.2315823271861945,0.7289805582114134,0.7191076942473399,0.14995940134378113
1.191307154227795,1.0469941533492177,1.178649511587457,0.023858607892972228
1.3088704271574199,1.304151152528974,1.1910370045641425,0.03371529305356975
0.7201339429028851,1.120632775360573,1.051683123383435,0.16640687835807805
0.9072068261037498,1.2552535535476972,0.8493208020290269,0.16214521724780545
1.2329489430983074,1.1143070428416384,1.0192286891127547,0.12322805441500162
1.2748273302141255,0.8414694338585582,0.9731686778992961,0.1822920125535097
0.9827483627449352,1.19670185667202,1.013220208996746,0.1888433904611425
1.0732062831323412,0.7503442362451646,1.1617733139755027,0.056409948063805664
1.2823876661496938,1.1047157633074969,1.2449179308729188,0.05861824477382258
0.8824532297049744,1.155539474218619,1.0357143505106414,0.11993555281404654
0.6942588640053735,1.1902531636766986,1.3059198990288237,0.10800086817529878
1.2648661571509558,1.0016289612989822,0.7009177668400141,0.08258555895417713
0.7011303767748255,1.2486409287544253,1.3198007004434313,0.1422079019391336
1.2193502177418463,1.0721405956088854,0.9422368481476215,0.08908196174052121
0.7070822255716175,1.2553017838260936,1.2623387174935794,0.06720356628066806
0.7752732526371244,0.8545500503611844,1.0085891305343369,0.19231858546099848
1.2625477001579726,0.9116315692859819,1.2618305833009797,0.09810967196487153
0.970152031617155,0.6969484306837833,1.304493908051084,0.053780130895955416
0.8471979418132651,1.1453719111428928,0.8310009977437922,0.05505390499452894
1.1088385099211702,1.11155049891461,0.700282938317786,0.18393801630109574
0.9835784461593426,1.205697947320751,1.0212768000813812,0.12892228923690888
0.9977398387627257,1.263800831503991,1.1979210133631633,0.009709665607394015
1.086940841193272,1.135257392548656,0.791229780924536,0.16166618221124524
1.1501898560112684,0.8667846588868124,0.7414659411616933,0.17849922286538208
0.8251546565889886,1.0314049221680184,1.0885041384349976,0.11566550729170628
0.776969245725806,1.2616848260290197,1.1041160874621085,0.024355392467642026
1.1545795370262277,1.0895329473496278,1.1592834579203495,0.1580223560323553
1.3193112714319568,1.039719611028048,1.1652585498509769,0.19285537416864548
0.9162750844429829,0.998986666149945,1.2106226237956337,0.14480840211962018
1.219210928542612,1.193605595664883,1.092305767156576,0.16484730283331656
0.8183069728817411,0.9520188802738758,1.1068769099053135,0.1631134005266315
0.8350716687493501,1.056348265700403,1.0181584363299625,0.16178767866514435
0.7427717087843699,1.1354906990255094,0.8020628648132182,0.11886945407280686
1.051447100615869,1.2867761511984985,1.0194503710178955,0.19725783710389275
1.1892604283084545,1.0173123795532888,1.3016035940346469,0.12529677422329563
0.810153388286488,1.1491172817827244,1.1185899889935098,0.03480740498072863
0.8225694473989091,0.9183371772518171,1.2219782295475623,0.05194490529572804
0.7660277378005739,1.0041492832956966,1.0108620415555896,0.13284840810214643
0.7398283887334585,0.8323143578177945,1.3163758405895885,0.1316610793174807
0.9529447379742929,0.9366715238830441,1.00178467071053,0.19918487999539977
1.2412385042584129,0.8583002038530978,1.1792093923450677,0.10975978915975096
0.8545791244247278,1.013724386148683,0.802616095182451,0.16160956110631067
1.0641142506778354,0.9761188816424693,0.851379987812286,0.19598138160391124
0.698801763938788,1.2620691751309807,0.9500286915354719,0.05014278518400921
0.743547617255398,0.7669647550491234,0.8526387403780278,0.15563744890447198
1.1482029963976472,1.0084727411913683,0.8018735214416027,0.0931962300644515
0.8986807552982505,1.3057401363747028,1.2085738546665477,0.10185727526283184
0.6806155768152419,1.2125299347122183,0.9787165574173665,0.18448466922726647
1.1302927421900475,1.0849867281553378,0.8496642087871593,0.10293737450041673
1.0971780317436242,1.0344944589119758,0.9289309215310874,0.1413696664742101
1.294723355776384,1.1375061971052594,0.9945002503992283,0.0011489405996483848
0.8248726963434339,0.8483487000765499,0.9796549190497461,0.17820482271742627
1.2427703882758294,1.0670518734830807,0.9738823300833342,0.19128755883139717
1.0826190877967146,0.8200005968023678,1.0340053002029894,0.13685446434796752
1.1823424104545732,0.8207094154849137,0.702653520007523,0.16371325097507322
1.3169494317482107,1.1935931257428667,1.2503740313768523,0.0139932795903565
1.1702135651459746,1.210377180847,0.9634796618046766,0.0037350563715849773
0.8072291227888753,1.1751409769292094,0.9284596861012611,0.09026977730755566
0.8919459776484355,1.134894127207618,0.912611680164859,0.14323841804197954
0.8692099938342418,0.8754308025892711,1.0055538918970741,0.10481900987814158
1.051027109678655,0.8172602536051327,1.0597017209696755,0.014248023634779906
0.8689293246344241,1.2931425483317658,1.2520373719632403,0.03079537005420705
1.1564788580375964,1.2930138975989158,1.0708891116216375,0.08996483688987562
1.1811581628087242,1.1379655203627466,0.742690881318752,0.1604573451882379
0.9257202983490613,0.7705436733347368,1.0208307602750701,0.13390137350838702
0.9302415411339711,1.011818838761769,0.769082357377783,0.05587098022442665
0.7058290606482752,1.121310965817476,1.0105406527544132,0.08745569283811405
0.7317729753506798,0.8068897787017939,1.0962921736565046,0.08840075994041835
0.8692768657370356,1.0364073134496774,1.2083696061538793,0.008909215843383823
1.1738587184473297,0.887004674763815,0.8820507618285957,0.13214703187035995
1.1238273259331037,0.9301223714620934,0.9126493918229974,0.005430535896125188
1.236674240812974,1.0880390628735674,0.9153198883407351,0.13066766310685046
0.7158224276078392,0.8369993928866641,1.19149035520135,0.1407853739952541
1.0942734456451755,0.8563791467480762,0.7122541437733381,0.11007089021765587
0.711132529313042,1.0610515573029242,1.0672500770614457,0.15603256795198786
0.6875997493270558,0.9348576479242715,0.9307360151177764,0.1665367157285244
1.036770927908114,0.8521607739934056,1.1650778429493025,0.055110944072256786
1.102843143162166,1.0177182601706414,1.2585223414647628,0.18243032625291009
0.8985959543802433,1.1624318909858493,1.0423004184159397,0.15052189549776643
0.8648227501214978,1.3179209155984135,1.2392641622787315,0.07156152603103814
1.0618895139404882,0.7300328167630606,0.8353991529477602,0.0007914671063715462
0.8257802009387188,1.0206221812715919,0.7091311683448615,0.042552245388206615
1.2161314966076748,0.8689514216636719,0.9099249842083692,0.1881686254305049
1.2192995984160175,1.083920118836845,1.1660274399503934,0.1275727836654391
0.6930626677956268,0.7251843835034485,1.1219501549758015,0.08708965109472536
1.0827032296945496,1.2727419289825397,0.9191011651346892,0.04297508408401887
0.8801286789942137,1.1515101414385147,1.0824370081859402,0.07209794793467775
0.8286347477371714,0.7741523247666316,0.7961825548089408,0.03908335886288461
1.2211031543631743,1.1549599314858638,1.0876673306690625,0.15071840016232638
0.8080021228740724,1.0334688325259371,1.1824381391803909,0.06926179846198798
1.124407156210265,0.7228286264125464,0.82732392888043,0.18484542383807256
1.0103124440573703,1.0444069747668534,0.7411723335911219,0.14728067126618227
0.7459365426920608,1.1921422060806568,1.303713189873747,0.09720198204190758
0.7960760889128397,0.7082799766974788,0.9325363426315894,0.0715445827752647
1.124778955685891,0.9088051183222612,0.9591647260099427,0.050255953063777774
1.1950583210618715,1.123331957185872,0.9195058339190516,0.03506984827916706
1.185953020552231,1.1257789836452727,1.1338668774088374,0.012854089479730591
1.3002154746373735,1.0612227131130818,1.3161241348451358,0.09541870250989329
1.263907826482121,1.0379986756081334,0.8880559845920732,0.17137457804214756
1.2577439936252492,1.097605945549607,1.0276920204753006,0.12768331535041758
0.8612809335760673,1.1771496035189821,1.1672215898983072,0.10446361116599617
0.9272879626103058,0.8408282091060003,0.7248412930753692,0.00964712324307917
0.863888578732511,0.8959732302459058,0.8677193900732372,0.13024506821905052
0.7393486085998606,0.8857842846476325,0.8705118301364925,0.028174433229942508
1.3134068335210687,0.8370887059709831,0.6840695464959852,0.11447387412876536
0.9738416752803234,1.0172812462673542,0.9708178242243037,0.14547523825606143
0.9759934074134522,0.7739188049546563,1.00122764709187,0.17982644459840588
1.1478356315646496,0.7810696844203895,1.1459618661566742,0.14896762420606566
1.1595642070775614,0.7831049194334209,1.1681197916110055,0.15791549295199497
1.1821019509400128,1.259670280580771,0.9781631775149763,0.08899715277066221
1.1628036859265785,1.2752992203018434,0.8419827458016493,0.1373130916184214
1.123603033449992,1.0438748467326153,1.0637229744551076,0.18044807469925292
0.713260921566439,0.7999922331002833,0.8459171149735795,0.01194032335247759
0.9598111003481302,1.1737548041244055,0.8796052190993002,0.039978280841330066
0.8606527019924614,0.9030714434676598,0.950533536548674,0.07555039554924076
0.7668699925678294,1.0040731004244126,0.9579270266769786,0.12779308929585187
0.9635837135502157,0.8033763580641937,1.1723759511936065,0.1843020829242641
0.8935496865073091,1.136253666120965,1.0372242681756374,0.17574271168309732
1.2796993168196633,1.0577670191000443,0.718653548449504,0.09685224797458532
1.0515518072812793,1.236391634428034,1.1445855892250343,0.18954578167053343
0.9771583725058015,1.3139697753916284,1.2231231233641642,0.19506615778065894
0.9133503530400138,1.0303285079643563,0.7103945734840722,0.16700588024581994
1.295420716506774,1.2659712818265674,0.8294740055246963,0.043677378433804974
1.1562349986335474,0.8929138930126124,1.293202219757383,0.1389964128233391
1.126592463404113,1.2081539211529448,1.2848995127344656,0.17561279000016125
1.0435984495114052,0.9800878822088701,1.160089553165662,0.18506685319163674
1.098785971621714,0.8803119858812439,0.8819443050243981,0.08663310757602621
1.2759857090632323,0.8532428915362386,0.8517670792564602,0.1766704530206329
0.7915418825018237,1.1154198131776045,0.8697518479580955,0.09371304325186214
1.0549802329811202,0.6953897810026077,0.8070097688324002,0.04598315034724139
1.1859428160817356,0.8303985572979974,0.9347547735062103,0.04957514079973822
1.257937777295517,0.8202520504608286,0.9413604067750636,0.03696124400950453
0.8520802556434127,0.7090856887755126,0.8307808866913677,0.009025154177454975
1.0503747573760482,1.034186525815913,0.911517476212665,0.00342572500499343
1.172085373606037,0.7784590930076057,1.2240833691802449,0.05778948206847814
0.6893325265013409,1.129766003355319,0.9760502077740135,0.18492588125467524
1.123699747573952,1.0609093538663639,0.686027914648733,0.02211176299230988
0.8612201917275804,1.1911602776341792,1.095259213904026,0.005927889920590857
1.116353207554364,1.1314954046230632,0.8755644154711716,0.18552456902553358
1.2759670434204085,1.2111119259658172,1.1125873245390374,0.1989081106324477
0.7097405006016385,1.289877667246453,1.0489839110251062,0.19659959572707716
1.1929745555875342,1.0661257751374738,1.0520436588155262,0.05208080771200179
1.2262627682855483,1.0228228946793476,1.272281982610629,0.0033333215043971354
0.9538772714481969,0.7045541347400675,1.0359102417162795,0.06289318410425242
0.8384909378380119,1.1863979895477672,1.103332665823685,0.07708016893059995
0.8362761659417705,1.1517827623036587,1.2700698725154824,0.18679218069529402
0.8637959177032752,1.2646415604542378,0.7790319630151311,0.09349059831653361
1.0804018075897555,1.0194851976546775,0.8193483631395976,0.12085784877206363
0.7136114555792968,1.1119466476720192,1.0116169951040292,0.0018757921301042037
1.0319716325876371,0.914982598451482,0.9865940162862836,0.015135093843568814
0.88553387633724,1.2851573222633137,1.0131735981372056,0.1501590854506703
1.1246108251202904,0.723048242287202,0.6856419224416115,0.011619087003793882
0.8241847243973455,0.7827321882014868,1.26723310886968,0.10852891913204384
0.7309579669960787,0.7860424064113246,0.824857344238908,0.16707802908528394
0.7282267393088131,0.6897526701666166,1.2465972159016105,0.15490100850324512
0.900535605036215,1.1456854559866099,1.2555098473099098,0.12090403592301327
0.9631517217433498,0.7486643899205211,0.8878253637596367,0.17233307165301742
1.2835606049840882,0.7395079156929001,1.2835387343253335,0.07018399245265626
0.8078978130331943,1.2119681133004465,1.0119197082497577,0.08496196056859753
1.2161857617091962,0.8828705455318152,1.170537877789177,0.1068573209560406
1.138525337553657,1.1200686788354153,0.6924429171314251,0.03979859928331169
1.073050077994162,0.7129318321314789,1.1432725121794003,0.12094587562965982
0.9663445387750613,1.2504760482782398,0.8871450109786523,0.0012106901921506543
0.730504076291218,0.7290344883374653,1.246567405468436,0.093265268258928
1.2339581535765276,1.3182913319508138,1.0558516179339503,0.16807357030399084
0.9172939098094305,1.2770257925522017,1.2187058206437982,0.11546617504602777
0.9172996867026502,0.9393477694497387,0.8485391334967548,0.06340934367016364
0.8680146443672889,1.1852938982465373,0.853869629304741,0.11843756573683702
1.0216184622613806,1.224514702629719,1.1149791961334863,0.19236378713735
0.7750287808527155,0.857880684985521,0.7843408928252977,0.07462523340284975
0.8344666702429768,1.1367841893746538,0.9015606112894318,0.17039514660404004
0.7495401337391178,0.9552428516335705,1.133221343195007,0.13569845296674818
1.0928864679752643,1.0655742939877073,0.9424216069783268,0.08073129685039833
1.1103659830759396,1.2890823022535274,1.2369429329247275,0.08957360963112937
1.0763272251056435,1.2371790424090026,1.2555446318715422,0.06919951923286953
0.9210085116821783,1.196211355277787,1.0068342048708443,0.08359334223177757
0.7953387446244224,0.7351491736026718,0.6822746453285974,0.11768878311691891
1.1587531454482838,1.0138756377060378,0.709209388365656,0.11432364666317621
1.0422625460329602,1.123754282841885,0.8608393443989351,0.12023102703520752
0.878265893554861,0.8577698557763301,1.1742573975187713,0.015093189823884967
1.0591130811079421,1.3185214532606189,1.3018705616019077,0.14730203630521646
1.319427440093305,0.8569344443119212,0.9741606451779076,0.04531169364337709
0.9023645982502543,1.1175783883465173,0.8607173856999856,0.17297723598542758
0.7898138112171724,0.815723068803439,1.035270710051398,0.04790033843446942
0.7156969145558421,1.278905225434084,1.249875285128645,0.13047119529238577
0.7184626816885968,0.8100662521850857,1.0379347049779766,0.14604874869707948
0.6974004892361364,0.9404307653900962,1.00044749421839,0.08870289383272695
1.2958484082567712,1.2484743964903438,0.9837401736333633,0.14589057785948453
1.306676051365161,0.9521224722505277,1.3076201548492121,0.19108729402650912
1.0513606968093978,1.1082581818553665,0.7543117336142616,0.011503108920351047
0.6937127952904577,0.9041570878651595,0.9460571519835284,0.029319344815722004
0.8427183467788992,1.3039875017293743,1.091759536214255,0.17058414409050107
0.8346588006867012,0.7350579796352186,0.919315290715756,0.19892210567824622
0.7986262968387297,0.9338755112460321,0.9615906466662815,0.09754151918480279
1.0870573390429903,1.2950927368976775,1.27965070246147,0.1809019540576761
0.8226665636721456,1.0498416957707073,0.8979858119995352,0.19970233534813703
0.709424216547919,1.1516453441665615,0.8490756069240559,0.11469873507845921
1.3078709436226332,1.2251889520561845,1.006146156144619,0.05759800559456758
0.7122666231440012,1.2300440901484135,1.2180656637281688,0.05077185653445886
0.9257258285779235,0.9660734316606316,1.1549325703786995,0.06317625927354502
0.834729466472679,0.8470296403513964,1.2667812602622357,0.08929758620127722
0.8583438431841914,1.2741352425215757,0.7576109202880694,0.026239177143270488
0.953247722262013,0.7946889268409519,1.141204861648186,0.027726485196750562
1.30896057853085,0.8166206422372008,1.1345724610902117,0.13388922393565908
0.9240165529006321,0.9728121294808205,0.7002238075866088,0.07964277079289778
1.0008211361908483,1.3073433090382993,0.8933101867471082,0.01340025898905286
1.08740384812163,0.7914245112227062,1.0898928880371674,0.12417829942987757
1.1330460001729459,1.1367758267940817,1.1338249733981012,0.07559661757845443
0.8952629007231613,0.8586333670524294,0.8093663327698365,0.18956603061623342
0.9891486866109824,1.3026087255510457,0.8764301710200102,0.15617471790881263
1.214735427068225,0.8923375756737814,1.0570901822066345,0.1180617027700879
1.1741302961318847,1.2284483507110033,0.8783310917759939,0.13628574468425791
0.7019519653555869,0.8562871982598192,0.9409874805341483,0.04435729808758513
0.788344526219178,1.12936185968357,1.2102601419553305,0.17539761142174437
0.6881158169091908,0.8770769138900985,0.89868531436128,0.10558326317183678
1.27860948453471,0.9008622968823513,1.2177586058636438,0.17357396801538927
1.0568485839650332,0.88738198873323,1.225949671281021,0.1396703516443566
0.9321314286971638,1.095766131368495,1.0956912712487725,0.05938777275433382
0.7203834428196378,1.0082867800074544,1.0627387068606775,0.09228779250867035
1.1052231610981518,1.3084493246526079,0.9030934988610029,0.07292320477851111
1.3005997785742147,1.2860184211840302,1.0990496926460744,0.12397290571809501
0.9319867637310827,1.2784271328321615,1.0608294906814673,0.003881913777578339
0.8636088090714714,1.0332536278255837,1.0766305326673244,0.09433990129588704
1.147497270521705,0.8363541071839838,1.2206499333705727,0.12232028204135631
1.242314857185605,1.28536994527746,1.3093972056269638,0.10035016804707607
0.9441085742904922,0.9101739262228095,1.2994936221140696,0.0792519235469454
0.9938780580139026,0.890053897853033,0.9013789954197188,0.06047250317612527
1.2299924309542931,0.8370740307119495,1.0600202481872216,0.19887730542796148
1.1683842787654215,1.1691200748245159,1.0325685848267745,0.15505037111780479
1.1499052631714395,1.1534123600383568,0.8120341916808662,0.14256005392164692
1.2847621666933224,0.7029303244414388,1.2454634380425862,0.09906879613497194
0.8868705177272316,0.6850972775318779,0.7936540745236328,0.016140075851906865
1.1628307157541968,0.9129233095330292,1.0214113648649343,0.04096578453042015
1.0422986655423048,0.9287266281938967,1.2508825939503199,0.004282141172745235
0.9849280828818965,1.2495460683129833,1.0373324772327899,0.15660637865799285
1.1376633712709023,0.7480596520179287,1.1910116381755498,0.041376493550071516
0.7380369463635116,0.9228832407416829,0.9299138673841694,0.08216916370725165
1.2817669927409152,0.9846133372459869,0.7524116211685643,0.06333871897533608
0.7728682131074444,1.0463590390911937,1.1733986971796684,0.08171278584327515
1.0467095229560828,0.9246019271563611,0.9802544114646723,0.15814510490086298
1.2687458637734577,1.1309352822825263,1.043265949445578,0.16808706407931234
1.2728083976689906,0.716396098951809,1.1799759475018088,0.13732198010505522
1.3046909163583456,0.9326419795547595,1.2790270835959556,0.02714941105375295
0.7117438239251882,1.1743639136500135,1.1548211064947496,0.10713654629922365
0.7091362195797699,1.1617320695974716,0.721695493553223,0.11674109839042941
0.9273225201004307,0.9029448998305302,0.9484732687392308,0.1403292171477388
0.7909739822930105,0.7047622868580189,1.2051707510148235,0.016652832445640555
0.8421451837326652,0.9038110496773021,0.7570179172750744,0.022699502065659183
1.1940367500826072,0.7703377047103819,1.2634595292365565,0.08459397647549755
0.793621412812966,1.2105565313981304,1.0537981069673523,0.06597700236870988
1.056328483117924,1.2536042042786195,1.2289418868224553,0.1861522253540009
0.9342629430238634,0.7612898718833926,1.0378643969682995,0.18916729281804204
1.0862466245710851,0.7360434620165209,1.2416328109182593,0.07038220019186162
1.3138811246363864,1.2332174406806966,0.6888426531579507,0.12212274726610549
1.3027737449901404,1.316708073588332,1.3152808256086415,0.17921863211044028
1.113688786265254,0.8999871197851119,0.7734419901773611,0.04336050962783009
0.8972021438295504,0.9073997618949676,0.7233763599886733,0.06545886128046992
1.3130303542169213,1.2271095442600535,1.159061652931662,0.09040746872401356
0.7156656179008869,0.8995731018335374,1.047950350406919,0.09379056319452482
0.9399826787287489,0.7936045557872533,1.1989358784120219,0.16097256510243232
0.8908740822406519,1.3100426784414774,0.8012011838303188,0.08152875032491594
1.0180191937757552,1.2057857737149433,1.0529487844064314,0.04635885812615557
1.2292917049292167,1.265363727004226,0.776406601826825,0.15033764635324876
1.0388557661031539,1.0907326529715493,0.735243406439932,0.07610706290611868
0.8069689215885658,0.9860994155843881,1.0451257377337717,0.08713985308511436
1.105224312121183,1.314929407819022,1.0648172357326289,0.024242652784349828
1.2826002927715505,0.9390736621755049,0.8130499464798864,0.1597010533580554
0.857880225725692,0.9392593384999028,1.1247915331576859,0.07561786454388603
1.1043530472214904,0.9634394651298872,1.0020307541522944,0.08041701513082233
1.2948060810198052,1.2493435942064761,0.954933467899753,0.0005951213282279878
0.8610099269897723,1.1045438662460996,1.0099975728891983,0.09723451859363375
1.312153370729483,0.9856111923265793,0.7708462744184383,0.001729918383183815
1.0660404071597471,0.7021930910038257,0.6910696466096604,0.042927501060354506
0.9654511723771892,1.1888408950191103,1.1645428719427455,0.09401036404962615
1.1612737015353027,1.2804012046322455,1.2410300362895388,0.05373975470334973
1.0836419444291134,1.245527929719132,1.019941056507136,0.06598320915068356
0.6897533660666951,0.9471595638507189,1.2495782759072553,0.10354528229057046
1.1250994498699847,1.296740135868668,0.9453966285264322,0.15667595509555002
1.289276479002004,0.8635620520282279,1.1139304455672687,0.07220002551985441
1.1179291511088714,0.722277518743134,1.1259591021696804,0.15378262713308766
1.0811152481398594,0.8195244959042567,0.9220649377617803,0.19898685333464233
0.9333715227761809,0.7361731454300658,0.8141664831650325,0.03406317032773392
0.9407906443810785,0.8950176228279252,1.2187872107122986,0.17060165656006018
0.8582646668288012,1.1255778966490282,1.1477005736017867,0.15056554356545146
0.7256060932592807,1.232340948682678,0.7034475012204088,0.05026887779957852
1.0569730822746177,0.8050932806981784,0.7199989574609853,0.08229167982914039
0.7081977637349213,0.9446190289796902,1.0106298126955102,0.14573471143787922
1.1552222707372688,0.816492630016138,1.1798214894538201,0.09877179491500537
0.7631803416671304,0.8849009486417162,1.154913827441097,0.16653692839955303
1.0660554800050288,0.7612763612503332,0.7225805876960817,0.1325114117179677
0.6945176475230279,0.7020023931390462,1.1674445855765367,0.1003951539066726
1.1691686154995378,1.1722213872786629,0.8118291053380295,0.10670561697616199
1.1820521273468771,0.7929311103205929,0.8021855225718247,0.064450273948811
1.1493225316303808,0.7337940165768668,0.8629240076394935,0.15020680992569768
1.0607498841767515,1.0159684848058907,1.216395088139873,0.16314329857852625
1.2962951438477348,0.6921879780108625,0.917954038524195,0.013323870069992229
1.0787287174178484,0.8679757371033708,0.9430243323498644,0.14617595053897733
0.9778025118047826,0.8837995029847866,0.9902277056809066,0.03792776405806893
0.7019397446897714,1.2088256760164422,1.1544937485258653,0.1449036108267762
0.6938771686331073,1.2844733875841536,1.0003819590981753,0.07168199683440771
0.747887812781896,0.8419854992847997,1.181464727555956,0.17438696297181822
0.9043562017098168,1.312641269983736,0.7816563220798584,0.03544752668137026
0.8259117199231729,1.1805436770125097,1.0515646356202106,0.1888719869261589
0.8389004852516003,1.0550210677475962,1.1047936801954092,0.017352359435563413
1.08410856002833,0.9041581205791143,1.0688740450581207,0.052639248512698904
1.1490325222788889,1.1093222372127483,1.1132200227949804,0.03985362487076349
1.234259073576462,0.7586861892203478,0.8983825118649487,0.15386161101284296
1.0924025425438204,0.9778220400636197,0.7283834488404157,0.012602892491727948
1.2785132854088657,0.8863750050063668,1.0324872558149718,0.13924101728835858
0.7367248871808413,0.8145925609393327,1.2745995884992145,0.03154375523870217
0.9395654063695792,1.1142061728324677,1.2702124182468273,0.09141875079798195
1.2450624558559213,0.7829461515474418,0.7496130299621209,0.15744193238140206
1.119700851544934,1.2191874700104968,0.7701353792655262,0.1526060156381629
1.2101483111979545,0.6863519029464142,1.1893046625429768,0.13441138836093566
1.0907517282114645,0.9189345811876265,1.0150782631402562,0.10988700315855987
0.8939247346403748,0.718065403779288,1.2391519433867817,0.10559137984694514
0.7643509558469628,0.6963451704123832,0.96482937825905,0.04456643861682466
1.1197170182541787,1.0012886082088994,1.078615829647472,0.08504471394624408
1.0862999146742638,1.249116422671094,1.2437821561684452,0.14419059178499402
1.1941884437286445,1.2271142903495593,0.8127521785945917,0.03254988861249519
1.2170801171021695,0.7399574783592049,0.8299780840953858,0.103171024443317
0.8635114415973284,1.0491201420311522,1.2301557233904892,0.08681067488378971
0.8782043523271427,1.1377984936097914,1.1881699916206139,0.05750687926858318
1.319949081825488,0.7721298363248176,1.0642111514451182,0.016348351910342007
0.7377685342515905,1.1390141901992548,1.2883513119124435,0.1936096031604253
1.0614689099747334,1.2694688956745697,0.9915161467031866,0.019963968256808975
0.8358671656438812,1.0972850517719661,0.812905486110955,0.12899524434470805
1.019261749941705,0.8268730160578406,0.8775115896554121,0.14855699594527402
1.1073934979307416,0.8246174749021343,1.0339988529682964,0.09957028607861562
1.2591449340507408,0.7955218993009454,1.2528418333330436,0.0897890017103483
0.9237350219324332,0.7697090176322954,1.245041067484562,0.1896087057510084
0.8494251889909192,0.9017309243285831,1.2430754040610155,0.14663165536271713
0.9208417322987319,0.7094427014850805,1.1985135881782973,0.07821619417817555
1.1443553196983736,0.9732833587025324,1.236233396633506,0.03358663243493203
0.9635794383147637,1.2942802504019615,0.7227435882590401,0.0954277150578742
0.7829041501112332,1.162293609721383,0.765475172399426,0.17082346286037664
0.9807355623225402,0.8625703240258455,1.0918930849239648,0.03907561845757173
0.7770047893247265,1.1979937811275632,0.7729912608156082,0.07377219011054743
0.9505315563849726,1.0466659504999534,1.0689519414506785,0.035753727133694936
0.8574710899111966,0.8633456588822276,1.2278238318335915,0.09656479835777705
1.0913063397319536,1.153789403024234,1.2758586151435236,0.013153732691371857
1.2342418774766786,1.1618435684347055,1.2094889707679042,0.08718590352816487
1.2738473595373736,0.9760313614154956,1.2512278239459738,0.10540756035830644
0.9634108340074956,1.0143590044575594,1.2454006506583553,0.029163370544337198
1.1840564318453124,1.0237691548657946,1.252872539182495,0.1553711393931977
1.252212037979476,0.9647850253381409,0.7889300025952262,0.1687386437502117
1.2037664316412038,1.1789857362536973,0.7047696568756875,0.16248315638582048
0.7430962687587622,0.9375432755544715,1.1716650117078893,0.07149391429917831
1.1248049727768175,1.1897510900475652,1.1181488995953393,0.19649949754088217
0.7465242370924154,0.7989319906917616,0.9247442117563769,0.05696258148014364
0.7630138567647148,0.6922083126216285,0.7776572517941029,0.1883867449253382
0.6975993821834272,0.8478296247528723,0.9870668185231442,0.003236294151604691
0.7104427049710769,0.9601704030300358,1.2631159385379178,0.07722410784627401
1.165339870651114,1.2084961630313846,1.304602187645669,0.10250033016079912
1.147369372042014,0.7307804108880904,0.8798905085525053,0.14976360180603465
1.2814781833132827,1.0163735319985776,1.0383613841411496,0.11975599690057626
1.0615296492298665,1.2070634104623927,1.016290630197074,0.032918272607700354
0.9413650265614691,1.1084244893396897,1.019310173679773,0.12623291265607958
1.0374426700278003,1.3186884891527442,1.231586935501901,0.00783837574994739
0.9841958607398659,1.217143317508115,0.8145657659104825,0.10670025584498875
1.104196987428495,0.9482333933863385,1.1787737297671734,0.1928747654425964
1.006646039288234,1.1909924258544922,0.696597955973845,0.041674975249305815
0.7630200833101893,1.1040249535166429,0.8906771297538343,0.09395423110882112
1.1848085064981944,0.7631587717860404,0.9033021125446463,0.07192167247675121
1.0987756238622068,1.2050056476881408,1.0423843327921802,0.08473227028236825
0.8086915958368126,1.0928171641089142,0.7850831376755372,0.17082641877956042
1.1044766679714697,0.9908815005952958,1.0189395068449438,0.08197051210127684
0.9178232458697193,1.1719095647897568,1.319766911653724,0.036603957096790075
1.2105459017182336,0.7019263432193634,1.2850477234579678,0.08773339122655602
0.7932474367921524,1.302098124797245,1.2677489906704587,0.08619465240760571
1.1818739714027358,1.0597394201213395,0.8533983993210839,0.12713124575014328
1.2758630101785498,1.1785795969893416,1.1197380154158947,0.054766796298558365
1.0739736663046984,1.0087344949105284,1.244857318708298,0.032477033085332695
1.0178079289516884,0.9677703969195162,0.9475158081690995,0.18963166857969996
1.1606749070655067,0.8240031395970981,0.8055967557201136,0.06860845285087447
0.7550680405386363,0.6831375060368496,1.102363361818788,0.1477315626701374
1.217754098925539,1.2563989319741347,0.7044129037852557,0.12046989083712055
0.9706406865810016,0.9644938585301361,1.019121592889685,0.0068821813387133675
0.8910234129130469,1.1100105570200345,1.0846481766717533,0.1027518113828055
0.7899466009188665,1.0722718537357525,0.7986709484894585,0.13962121934501318
0.8492111320151545,1.2984974914951974,0.7237932762548349,0.08838448928979714
0.7277639893701053,1.127601336370364,1.2262081754921468,0.06697784966944058
1.1299092466547598,1.1767031362667761,1.1831749347120981,0.002452130773955608
0.8290634651437663,0.7620167316204485,1.2994456029803585,0.08954005217123646
1.20785274871772,1.25305232115323,0.7965716490511082,0.07949139968513991
0.8294709160770043,0.9153356285952379,1.0020923354324043,0.023262743891680995
0.9154710976168557,0.7535615944923739,0.8115108038267329,0.02899567367757583
0.9329329545180887,0.7422710059475565,1.0145948064301848,0.04664343723903011
1.2850572444348276,1.3069709578345403,1.2833025590915066,0.08044411068217786
1.1199479540944925,0.8365206142907822,1.1462999750607707,0.0010436551906290782
1.2774403940283927,1.274051785975387,1.2645746248121452,0.09926125430497397
0.7087910789048734,1.068216624687623,1.0913278541009817,0.09581768225095405
0.7426038158958013,0.8159981438435799,1.1192327598018363,0.18750322996876337
1.0510767102443945,1.2950780119602907,0.9904757022512022,0.11258811767109281
1.2708260261057855,1.141962350134158,1.21756974895529,0.08398192367419742
1.019895545096801,1.205252752254629,1.248631057317049,0.10691031776238438
1.2607229495372378,1.147016341314481,1.2819973911243023,0.12812236936769197
1.3085146631923337,1.0872643524977252,1.301225397159377,0.1775078904350214
1.0029149433452842,0.8287677926449695,1.0278749483041878,0.03962172539101594
0.9212976478361912,0.8711205794922071,0.832433663932844,0.060856317484093064
1.2716364321890414,1.0075917032631687,1.086479899501247,0.1750580251786252
0.9023188032098143,0.735792811442673,1.219039274053432,0.019652615763473102
1.2271401600388905,0.9574631721941618,0.7167168727679077,0.09695200995410645
0.7450225736836177,0.6848714266426277,1.1417794034608144,0.19937557164414232
0.9140704705358456,1.3044894644308123,1.1688866898651615,0.12584970073896656
0.8744706178104262,0.8833612329388341,1.2010982495913891,0.152285513803703
0.8855174252357785,0.7691033702071808,0.994587338817349,0.01693081802233656
0.9768572298752435,0.9013852470387475,0.7270897017396071,0.051258459967234354
1.3083301980546251,0.9900846722580892,1.0828528710992527,0.023221785557539378
1.2839092931558267,0.6898304628873163,0.7258455976954786,0.1506593257158126
1.276005173263194,0.8775100649982012,1.1183996035417856,0.08432109462103228
1.1366378682945422,1.1693356224903457,1.198541032761384,0.14815383711614763
1.182678583861692,0.9093641423423281,0.7696570133149757,0.14817266207302332
0.8648336124302025,0.7897282063978014,1.0988740902661869,0.11784716650386107
0.7033306763587892,0.794462173589969,1.111831063978918,0.11076861449756364
0.9318004546175793,0.7016248192298501,0.8812401096982292,0.1507801186544829
0.9710672823020322,1.0591053515712032,0.8989108644847632,0.19334662961355092
0.948841463750844,1.2671783839417508,0.6861400233658342,0.04096116678725668
0.8631219881109646,0.8139323684452616,0.9868820100351634,0.18449814913188164
0.9252397107701404,1.0457522481595238,0.7139317839610297,0.12175856518714157
1.1451479457068612,0.9051759507167427,1.0312164933720445,0.16532811146976303
1.2474892326443452,0.6982960312983811,0.8151313403728015,0.10050955995997812
1.0180512688567185,0.9117801927023095,0.8812303981445456,0.0749485675061869
0.9615196668171205,1.0457740581153105,1.297242789777025,0.12913684857139893
1.2741873770736636,1.0740722757302406,0.71074097629692,0.11534085955287919
1.1936362780546,0.8378908014854648,1.021540750758963,0.15008815844227977
1.2297146003925898,0.9415102349984361,0.8195520228271493,0.005167953615536436
0.7941409645231734,1.282201490191577,1.2461931832640039,0.1496862345769309
1.0128333128639846,0.9103750541627795,1.1319458410293408,0.14514004541928513
0.9172372253321467,1.3147577207265067,0.7249688521317669,0.19001039938207606
0.684840469833294,0.9014266092859557,1.0027859890871176,0.020237118620371388
0.8257078966395381,1.0209409423472517,0.730264386421584,0.19254726454223448
0.957949498177243,0.9194118830966552,0.7871261799958453,0.07007734973008538
1.2203353566227952,1.1474285724708524,0.7955771690058767,0.03450676463687994
1.0368690069763282,1.266086547296085,1.2471604170804134,0.05842741944057184
1.217383565059408,0.7908092820442959,1.1455483767546064,0.16639379236334945
0.7507916873048358,1.0859011992163972,1.0454031413144866,0.14971648439333327
0.7058947086809418,1.124952937562834,1.059847053044908,0.1685905860565512
0.8643358894253548,0.7527681130221465,0.8753576771043883,0.1525890835181188
0.7221073808447352,0.9856207019546463,0.7219346626666575,0.09206799412855385
0.9048965855281663,1.313090528642973,1.312225141086645,0.051667500707362396
1.225228872334111,0.7846885470577405,0.7871207995886221,0.16038879967331487
0.6800829178811061,1.222564399630111,0.8730563398023596,0.08145556724808514
1.2841081695216565,1.1078407750721548,1.1824645581548738,0.12335848719864428
0.8983147507534779,1.1980504815466053,1.2910703150029867,0.15244468272205902
0.9827909143772888,0.6851643798308628,0.8154555926386512,0.17696111785684843
0.9108834788324902,0.7113688047592092,0.791690777376534,0.061698806870544326
0.7986799050195663,1.1072504245987802,1.1286842684954153,0.043630214610307895
0.7886649227382798,0.7531439942533082,0.908543056116859,0.06312803490871492
0.7489074239741174,0.8853256611934321,1.2456589826984734,0.11407769969659845
1.1443200751908233,0.6934672167469162,1.2859103624998012,0.1949627155576635
0.855801792144557,1.0057314996295053,0.7326426906702308,0.019479396543528815
0.8817381319284918,0.7583922509466436,0.8974126415192273,0.023583995018235094
0.9813429825873576,0.7299630498380245,1.029650624932655,0.048580660215473026
1.1411715477937021,1.194080917533094,0.8290376847593671,0.11951974684815994
1.1164867767462971,0.7699008477164011,1.0055414857545526,0.0034576469550053226
1.1911382833481103,1.2296649550345784,0.9422134312107167,0.08054732258267648
1.0893209639570651,0.7650415900284077,1.1152645893100792,0.15829266818976548
1.0454849908136963,1.2014974955689546,1.0006892004358092,0.1113705319899961
1.1027281296353126,1.220216020816448,0.8732948695027122,0.0017827769844352083
0.9972802513509187,1.1161043190123578,1.1458017549610124,0.18008682060255604
0.7854830421687866,1.2738019886630898,0.7592807736085538,0.015505493851871877
1.106067164469418,0.9178721703701824,0.9443467534928445,0.19888091746358777
0.8998737110609497,0.9606829199257673,0.8141384597097218,0.004145304718757426
0.7268570147025679,0.7847461852945875,0.7384435326570218,0.18443888003142705
0.7332244467408476,1.1306036375466326,1.0164467826908556,0.1511872916920697
1.3138537819534797,1.1874782096574092,0.6837831452334157,0.16198027394959724
1.2072244066583122,1.0709187059047323,0.8791379761726159,0.14516267853558024
1.132402394376165,0.7328692449071307,1.2282460466311562,0.1919037335546621
0.9659881917763755,0.7457328349446323,0.7294136918534342,0.19015544546237323
1.2917745126911915,0.6969051035893904,1.144388222492858,0.09819557184116229
1.2483658043214163,1.3174393291733355,1.2464305292978024,0.00985474322706399
0.9931403802818447,1.2115818156570843,1.0603037175938472,0.047273588516965975
0.7036268871714544,0.8666201716022427,1.2261793368289722,0.178527501114167
0.8332716372473756,0.744921272774529,0.7333633603032013,0.10710719610746973
1.0328606846960415,1.0160443696754426,1.1242006075925084,0.17585724774794054
0.8037991110393049,0.8830515182411183,0.8336078965749705,0.1418872753668682
1.3108063404420212,1.012616545462996,1.3105633684387366,0.12515528386372715
1.2710946588282166,0.8393681901436765,1.30302824592822,0.07932243895421043
0.9330648028762437,1.2672884463296805,0.9810544397729374,0.1544799269909954
1.1903517981998877,1.1494693478436582,0.9844516089203195,0.036856539014692706
0.7808967059625738,1.1501953129690006,0.9219986422135503,0.07181549183924026
1.1375101230078737,0.9032401786325066,1.1887268684845311,0.10029069277179847
1.2139734341562063,0.7733978569562657,1.2022608091257752,0.19075679980474675
0.7973084351200977,1.2404851708212563,1.0108666270895819,0.09701171789124896
1.2462549045123075,0.7091106115749848,1.227499381057062,0.1971279845532997
1.0832681611805866,0.7294067478311391,0.7322882701782062,0.0972477241080936
1.057917307652834,1.1908386636955306,1.317800075509017,0.11584554942177233
0.8326548464370387,1.2018097801292535,0.8809954558629383,0.02291148692877523
1.2621326290943027,0.6884928962412513,0.7510477255697625,0.16633968502701596
1.2257289668748899,1.1465243162863736,1.224955154290533,0.11522733128318251
1.2937393937598083,0.8947108860129969,0.806152139825959,0.1531578669042391
1.0853874500664757,0.8782119330225825,1.1306321344069867,0.11676371346276393
1.0118237053693502,0.7377287584200273,1.1211711807312064,0.11925030927331924
0.7590648029495694,0.7543882135446781,1.0663982124158555,0.19910302975825955
0.7307357283370013,1.001868441046314,0.7663314309677828,0.073925552194515
1.0613808015137165,0.9437960313621607,1.308761920591818,0.13530594479485955
0.8799604058379845,1.1208440528314827,0.7062855478435942,0.06325224238813323
0.7653948068765777,0.9639537561138587,1.0564870314026498,0.07425736947213112
1.055569356806703,1.202973953764006,1.0224841699214193,0.019199659814822346
1.2970413876773441,0.6977309662947324,0.8785441776087327,0.05558632311570908
1.0231907129482969,0.8876586221404075,0.6922475560695122,0.04967623290832013
1.1639474761454665,0.7316426257374916,0.9903090021587839,0.057894110025182126
0.9757607495522518,0.9651752440582295,0.9341425817519471,0.1381590038208201
0.7963175183209485,0.6801098424269449,1.1846427254073864,0.12167578614762636
0.8398717004677665,0.9250359779176875,0.7407915724935076,0.07376981619758445
1.1669234476438668,1.042420680457766,1.3132130503165096,0.1835721325060912
0.9241333007035829,0.8015641484262744,0.7943927524346758,0.1704505761383597
0.7112706977979779,0.8099344753088309,0.9052734263573852,0.09892888610659754
0.8749420278101739,1.0293505164649799,0.7776392492650539,0.14017205758369658
0.9230007716672826,1.024371037391897,0.7628276019706597,0.015676312349253086
1.18813282651053,1.154046614354722,0.7350915765299101,0.1518822402790576
0.8130479205476231,0.6949132114412914,1.0776424013290153,0.09375459263067949
0.9601970068654816,0.883708317315317,0.9139466650746579,0.06765531982478763
1.3125034355439715,1.1638885194898636,0.8718084735539386,0.03773783766379129
0.8278530791320653,0.9866753471518389,1.282369284736268,0.0453303417293379
0.9781048278811995,0.8658144529734869,1.1730496582290901,0.06327374886647412
0.7269191890538952,0.7015434041189827,0.9578484615813786,0.15623408469428512
1.2973031956870271,0.8541361182499685,0.8664543053439349,0.07384637365888538
1.0509561142620671,0.6995288336726765,1.2051451875268486,0.026016891582464785
0.9820875712200723,0.7121559928323125,0.8526637684676327,0.0610265748618875
0.9593435951580724,1.2811999246660437,0.7231791463688135,0.1172793966886929
0.7877164731165454,1.2036936660214985,0.72085172506645,0.03399062682706644
0.6963901942740045,0.9938227447365342,0.9103271536712967,0.10354077685070356
1.1712924611577438,0.7555811641119038,0.8084582344407778,0.11110358574240234
0.9602803392405391,0.9877452630144172,1.2363532923493088,0.1395993944067707
0.9494389177127311,0.9225934669939503,1.2228682014486831,0.006897082015363454
0.6945137866584757,1.2085792477725659,0.7725318646146973,0.07187951535703803
0.7613542665338795,1.3105143755425899,1.2567612904910135,0.1422623939661045
0.7376576069629904,0.7566171801437486,0.7648118088625339,0.013014829584292655
0.8255283536087907,1.145957451879557,0.7653145322899496,0.01386180793585392
0.9420839802795121,1.0806380072944417,1.0612624819497238,0.11047807324010395
1.0222499015896525,0.8563538854222248,0.8033340060617291,0.06715695602654013
1.2069394777470421,1.069254142818785,1.309826879048088,0.14950936687695038
1.216483961813571,1.0434109933988838,0.9156880435762293,0.12507063629874557
0.7160954525946154,0.7818759450459056,1.2350220753264927,0.09233642038239548
0.7320236452781008,0.7270769026034746,0.8953895508988782,0.19477194686641291
0.8390024709716983,0.7648507304884486,0.7929389239421492,0.09207129933847197
0.871198238575881,0.7306998647472358,1.2511606395928614,0.14107530666220175
1.137269168821728,0.9163942357865096,0.6929439936567077,0.07209723512654712
1.2726867886922555,1.0009128844694273,1.3048028205733875,0.05112243657965914
0.9469346891995911,0.8769417510069462,0.9014028104740632,0.06750331835555808
0.7188848540078157,1.2073860912714256,0.871663189280387,0.03796270701549014
0.72918392344392,1.1323171621408545,1.249373464462351,0.12091982469823354
0.9145136122419409,0.6932861494319773,1.04496050966677,0.07804406823429025
0.6856668041231377,1.304808329672678,1.0602680595102492,0.13803971762573294
1.0839857851831005,1.0590715796903332,0.8514355427309189,0.13992457632360403
0.7468689880273821,1.1832358957504194,0.9297475186258106,0.05687246330075773
1.0298417599464824,0.7663862727084974,1.2905739431186771,0.19114140299228974
0.8016393030718757,1.2955428977592374,0.8360076076552133,0.10761365337695482
1.1927751732510405,0.9280178836671835,1.1631633957954923,0.04895470473875914
1.2650177311641695,1.1397809897378268,0.8860397362877263,0.021023885549460043
0.801020260851087,1.271675886576063,0.8046575576145724,0.14957686802141465
0.7027326645820055,1.227076540814342,1.2521379444927176,0.0008887571798485317
0.8866940343258198,0.7317915568459065,1.184849649894002,0.18694757547236449
0.9379710952558447,0.9826625672897141,1.0183530564855166,0.10527787517094765
1.0014657235919675,1.1438505288567715,0.9205421612967493,0.1946404666649564
1.0824440699602347,0.9706033710187846,0.6875385854945107,0.17986357645683868
1.1659818557200856,1.262148188436181,1.0551835551048725,0.08490170068892154
0.832175545047543,1.0738925856639516,0.905433876446979,0.044488884716021
0.8059673260469729,0.8708987721220192,0.9223105315796931,0.1391264688030289
0.8153870426408317,1.0377045959545468,1.303386338958255,0.10669948485540214
0.8325380874689204,1.1400398689339082,1.0347825846181924,0.13705878541486935
0.9409607683734658,0.9087653945284144,1.1760512945187334,0.19302092225234202
0.7289681676951794,1.081908670912826,1.2186273926660256,0.07647350574194114
1.27693172992264,1.0761294021655385,1.1851166958656967,0.1152192273633058
1.1650120952505305,0.8744907414539078,0.8474580612585031,0.15690177029247643
0.893193768503673,0.7814938208466591,1.2081341813817092,0.038050012295304025
1.1861493182087497,0.8008988868953971,0.971415579769908,0.011754378780408659
0.7182867428115342,1.3046336532779257,0.9529594335230422,0.07525152195849541
1.2097116308591185,1.3078390289442547,1.0823662966036116,0.10131077092118562
1.2129369463002033,0.8925855599040343,0.9204374478269556,0.17842123162604942
1.0061985136744709,1.061980690625416,0.8618373109210965,0.014399447939540178
1.2719681023093243,0.7683556818313545,0.7692142040659227,0.1469240223955455
1.2414288100159625,0.7006212709097801,1.02302100437122,0.04061894330310565
0.834915702924088,1.119940998639594,1.2893306268388351,0.010164890724573073
0.8259158848405084,0.7430376427986571,0.7070397661187933,0.10094531512897816
0.8401023109584294,1.0131976489176115,1.2472917266696537,0.10352552187869986
1.2067733677442765,0.7644354751981189,0.8213645109349581,0.07149536973248359
1.013617811335015,0.7381594400785001,1.198963363212472,0.012763893332830723
0.908788200336665,1.126123096074023,1.226495014775603,0.1793961888559642
0.8426864221611456,0.7323303697558607,1.3145388584493714,0.1441794326161094
1.1573398297000024,1.2230200507878997,1.2630066160405868,0.09280653412214268
1.1280200022274005,1.1998579470251756,0.9131504917288371,0.15749596588266035
1.0214484375202681,1.0502095041606703,0.9858056066020731,0.0131856917013796
1.2219061909381246,0.7401128616115812,0.7949172838025345,0.17373696015834975
0.7664239303281469,1.0459478458623919,1.1511828569229552,0.021627062541399192
1.203294220643009,0.6856466314471162,1.1567916950999433,0.12393272091688352
0.8919635856402741,1.3145380310475256,0.6898670302917269,0.1634441784881058
0.9679768963233722,1.155547407859741,1.159604979502849,0.18268442431756798
